 -0.00000000000000821  0.00000000000072725  0.00000000000346538  0.00000000000824203
  0.00000000001477294  0.00000000002301202  0.00000000003285631  0.00000000004445420
  0.00000000005701102  0.00000000007094897  0.00000000008602021  0.00000000010264361
  0.00000000011948074  0.00000000013824946  0.00000000015802490  0.00000000017773659
  0.00000000019835070  0.00000000021992295  0.00000000024120333  0.00000000026391573
  0.00000000028864727  0.00000000031401367  0.00000000033939780  0.00000000036431423
  0.00000000039071077  0.00000000041897437  0.00000000044768248  0.00000000047620274
  0.00000000050426073  0.00000000053167386  0.00000000055969952  0.00000000059054886
  0.00000000062191519  0.00000000065420517  0.00000000068698673  0.00000000072013476
  0.00000000075295858  0.00000000078562051  0.00000000081861032  0.00000000085501344
  0.00000000089257769  0.00000000092952396  0.00000000096578393  0.00000000100202034
  0.00000000103843948  0.00000000107435133  0.00000000111182715  0.00000000114955903
  0.00000000118692486  0.00000000122928087  0.00000000127448766  0.00000000131995584
  0.00000000136561938  0.00000000141202002  0.00000000145855003  0.00000000150538491
  0.00000000155302831  0.00000000160100594  0.00000000164945672  0.00000000169897390
  0.00000000174975127  0.00000000180439134  0.00000000186191225  0.00000000191967502
  0.00000000197786720  0.00000000203710276  0.00000000209805800  0.00000000216145364
  0.00000000222550839  0.00000000228988024  0.00000000235446495  0.00000000241928775
  0.00000000248307442  0.00000000254988363  0.00000000262964079  0.00000000271389807
  0.00000000280003698  0.00000000288840449  0.00000000297948981  0.00000000307361090
  0.00000000317062210  0.00000000327012344  0.00000000337301441  0.00000000348106900
  0.00000000358962515  0.00000000369536155  0.00000000383597697  0.00000000401238886
  0.00000000419199632  0.00000000438212375  0.00000000459990719  0.00000000484499639
  0.00000000515144703  0.00000000565246190  0.00000000607393966  1.00000000000000000
  0.00911707412706983  0.01653939347451588  0.02702968240189497  0.03797495932382117
  0.04825422455184845  0.05826251405659955  0.06908299914973255  0.08002385533973339
  0.09095370455901455  0.10204450035675998  0.11341333627457885  0.12471102310536333
  0.13550735630915794  0.14610513935277575  0.15670404205479227  0.16735709661675938
  0.17810500638605392  0.18875207459782053  0.19998269080407954  0.21116942319863591
  0.22277499497845024  0.23356229492765940  0.24375343701526719  0.25419392384678269
  0.26449697321184057  0.27470325840860649  0.28507541007214743  0.29593425957225294
  0.30681398447997160  0.31719985141854579  0.32726720063259057  0.33762069356690316
  0.34798404607248201  0.35814508107886250  0.36815720012397996  0.37831787703484970
  0.38851272414613486  0.39852063792900216  0.40845292767144104  0.41822276964051769
  0.42789765418699593  0.43765558472360960  0.44787722601235497  0.45823469915734849
  0.46805854711198902  0.47764600110198896  0.48757704764954707  0.49797769845991879
  0.50856958894463877  0.51944593963676877  0.53036955117450535  0.54117844155348804
  0.55131799636367451  0.56120734943627804  0.57110798559404530  0.58114729377111407
  0.59147448150876192  0.60195731922912610  0.61269831386239637  0.62379464091736703
  0.63491677313044048  0.64593544255338797  0.65670115468753376  0.66733323477387851
  0.67805003036834488  0.68871458592838974  0.69901502736917998  0.70893033602449329
  0.71892503717398415  0.72906783057155011  0.73908371645312210  0.74892075962553761
  0.75872830877495745  0.76873323310877884  0.77858272114623750  0.78817090427191527
  0.79833290195936701  0.80907114555167980  0.81966026738113840  0.82999615891587619
  0.84023057092628606  0.85053043148964569  0.86053308670458251  0.87020738622765048
  0.87979553911039166  0.88917051686953419  0.89860954949444805  0.90849355159943357
  0.91895085603420001  0.92941283875104563  0.93986405634442627  0.95035134263959131
  0.96159263736570477  0.97315365577524515  0.98622943789841555  1.00000000000000000
  0.00974826479506131  0.01517295089155263  0.02384955003569529  0.03398952871410800
  0.04420820908196063  0.05502768914628322  0.06622834772738155  0.07747844428950208
  0.08767362248671705  0.09715204776726602  0.10683817722895060  0.11661638177988920
  0.12662983843905987  0.13645855589288888  0.14665755092952787  0.15805582438834537
  0.16989144565521963  0.18173668444402635  0.19357460827621284  0.20497841775295395
  0.21562840316508386  0.22557816646732226  0.23529821603555387  0.24493108536890823
  0.25472818724466800  0.26484655072185920  0.27560370398243950  0.28634589793774301
  0.29615645117696243  0.30551200147912200  0.31521480328335849  0.32555232905776593
  0.33601210516491897  0.34668017855653183  0.35800688934392461  0.37023399131776297
  0.38250350986801418  0.39445605141547729  0.40614815146202005  0.41712559614231420
  0.42726597032328123  0.43704216552526637  0.44675843753447775  0.45676852084863934
  0.46720843423738367  0.47769715224761716  0.48865715356109435  0.50023091025386812
  0.51196926176056834  0.52359869174057017  0.53448138737305362  0.54527570718301888
  0.55638266564486893  0.56752165897779772  0.57826369193843175  0.58895896530884428
  0.59981304477071118  0.61040345532689011  0.62073392864365096  0.63082193302457523
  0.64115795005777454  0.65228380146010456  0.66321893239032947  0.67398790877618475
  0.68436232026075094  0.69496732296877095  0.70593389595978573  0.71584681605015654
  0.72571458033501535  0.73532248726284244  0.74506010193628802  0.75502920501749526
  0.76500428635920936  0.77548395983279150  0.78672764192185263  0.79832485159659072
  0.81018588134458114  0.82085881507256087  0.83102976474522594  0.84086363841996636
  0.85061813589292690  0.86023370624354190  0.86967472461321949  0.87912356091471522
  0.88874682232877844  0.89838469919994934  0.90824539881572752  0.91827485716284063
  0.92840205019139777  0.93888247651036116  0.94959973457025693  0.96042572263705939
  0.97090724798608863  0.98123962856531155  0.99131861958966638  1.00000000000000000
  0.00003799754528907  0.00003958196817234  0.00004110137794982  0.00004296820875797
  0.00004511557938608  0.00004715750143652  0.00004922526024830  0.00005136929200407
  0.00005354733812437  0.00005577305630207  0.00005810194350386  0.00006052852046586
  0.00006299638401038  0.00006552327463859  0.00006825811204448  0.00007095381640333
  0.00007364888873917  0.00007647726349298  0.00007954900440122  0.00008266490466485
  0.00008574606741100  0.00008903664495252  0.00009256267551970  0.00009621838945918
  0.00009996165466322  0.00010391928279577  0.00010808315381878  0.00011226570588995
  0.00011649703301973  0.00012092764754815  0.00012552904300238  0.00013029710566010
  0.00013529312103680  0.00014064030970299  0.00014623650864742  0.00015184566915061
  0.00015735107731525  0.00016312329771732  0.00016956439595423  0.00017607958470989
  0.00018261274612160  0.00018997777468100  0.00019770372731193  0.00020574169518707
  0.00021384784652452  0.00022257325053554  0.00023179369955318  0.00024099403156432
  0.00025037829208862  0.00026019335772206  0.00027028012471273  0.00028061692759524
  0.00029137567574073  0.00030274995613656  0.00031466581139641  0.00032713412413200
  0.00034053527869928  0.00035582558238787  0.00037227516487716  0.00038867409480212
  0.00040622275862560  0.00042488900703129  0.00044331271718709  0.00046237704111773
  0.00048273970928434  0.00050567482766120  0.00052852021392389  0.00055961362587190
  0.00059106288988167  0.00062775105958542  0.00066899638485459  0.00071048257211649
  0.00075470093094034  0.00080265871324812  0.00085915370821314  0.00092326899079633
  0.00098897852484628  0.00105205689414476  0.00111600649445409  0.00118271135394565
  0.00125035393390575  0.00132034890750444  0.00139865913951924  0.00148154935030947
  0.00158361649321241  0.00170733887009094  0.00185231216486519  0.00202911832229207
  0.00228013514760780  0.00264503246421621  0.00320432969809499  0.00408254575619990
  0.00528316602872271  0.00676965582572813  0.12667664899962300  1.00000000000000000
 -0.00204241634404024  0.00799528065519814  0.01673266143982829  0.02597152612497106
  0.03570874062439819  0.04579292543829191  0.05661241129428949  0.06704734486681867
  0.07743083282353427  0.08830306654353810  0.09988934422077396  0.11167288250552529
  0.12324175056378167  0.13418273916185897  0.14442520196000802  0.15488558733304400
  0.16542020993387765  0.17646027189123695  0.18737778005241185  0.19828660949270727
  0.20903018339964166  0.21892713058841679  0.22910164245895751  0.23919552048252579
  0.24956213291282500  0.26036127398913517  0.27142044635856954  0.28291073056687321
  0.29444970429036427  0.30631484614112736  0.31757470811064020  0.32783314706084526
  0.33775842201671419  0.34790484976263192  0.35819364973644491  0.36886813056457490
  0.37949100919814044  0.39036600993977488  0.40089465757874126  0.41108491340773773
  0.42189129948547999  0.43280336289321042  0.44372883214720321  0.45428641973659517
  0.46565945100483086  0.47785619666612056  0.48879965478900711  0.49950148021455948
  0.50974160704525429  0.52027768734094926  0.53049854195195156  0.54065854383082612
  0.55065223010055109  0.56091552525526855  0.57183179431997722  0.58290637037250148
  0.59351055488013049  0.60394352315478184  0.61415711414077190  0.62477580605108785
  0.63492254133869785  0.64541105913579466  0.65588052989500167  0.66677804954144271
  0.67783341272993591  0.68880284739600128  0.70006874492389704  0.71134386092483570
  0.72263444857178061  0.73363043994353816  0.74462835187375787  0.75527711229417782
  0.76573573325186306  0.77613128287106248  0.78689922460366635  0.79740113297798410
  0.80724604255101629  0.81682759036602703  0.82642097628955458  0.83613275605371806
  0.84610873158304045  0.85613278423913608  0.86666390480777766  0.87721020696698926
  0.88705886397119804  0.89715126914322796  0.90686900941397697  0.91657025488750787
  0.92644936214443052  0.93658704823645633  0.94732822759897739  0.95827444216995827
  0.96891416872165903  0.97966882777650410  0.98973325582946248  1.00000000000000000
 -0.00196143693026121  0.00836700487213279  0.01688032770251276  0.02614102250814227
  0.03559288984730256  0.04527742785839418  0.05505308963536286  0.06515080133620992
  0.07583976104187534  0.08637038891854455  0.09689765795461502  0.10782201603288390
  0.11878256505096528  0.12927060167313478  0.13969080526727720  0.15014242419062385
  0.16099958749088680  0.17168767327785459  0.18224860462751649  0.19249074777265307
  0.20232428913243872  0.21233072747406051  0.22232217032879753  0.23253389161196356
  0.24305834650123628  0.25356521895158496  0.26465542750515941  0.27583910876015516
  0.28712731025539984  0.29841242344297092  0.30960461343621976  0.32103956056133953
  0.33232052349110658  0.34309299899507190  0.35405239174025599  0.36480502523400626
  0.37526280311215071  0.38500772022367175  0.39469119026935451  0.40496122004862128
  0.41541149749221307  0.42648636638034410  0.43705604241568569  0.44865474239605219
  0.46020932506541656  0.47156424676920927  0.48247848691418782  0.49299816918284883
  0.50315942108055833  0.51314992693018502  0.52314049394919315  0.53307444944844429
  0.54321960482211562  0.55363949565475201  0.56441891362942831  0.57563776807706379
  0.58683707094170134  0.59817107348771870  0.60967303473778955  0.62125901633179292
  0.63250344295117777  0.64341029755537771  0.65406617940040068  0.66475323240969764
  0.67589868928214647  0.68687488805045582  0.69725501147406566  0.70741459541119400
  0.71773691192597355  0.72806456484288606  0.73838921601535790  0.74878324783012029
  0.75972113565484523  0.77081715142193485  0.78129989892908547  0.79173937319599796
  0.80227928706413454  0.81267914041183842  0.82302556957547734  0.83329585755285374
  0.84387429384345247  0.85444652584628744  0.86463686582344279  0.87479178386516254
  0.88462928239004202  0.89428825605404072  0.90429624170587208  0.91465164596172999
  0.92502777207670694  0.93554076746944792  0.94611880749844479  0.95686873235823189
  0.96756258543973650  0.97798898495854947  0.98888098974973526  1.00000000000000000
 -0.00273181374710752  0.01011811766165736  0.02065530857636197  0.03188740383501127
  0.04307755905264305  0.05455554463863221  0.06554754821592393  0.07599171342165810
  0.08654339298662010  0.09735052084459402  0.10817323658691870  0.11856152707801855
  0.12867887782791648  0.13890764993443735  0.14985503991976420  0.16131739045585028
  0.17234848079960410  0.18295062415695404  0.19353845296936723  0.20416984404222507
  0.21491611237538125  0.22560017740216470  0.23634646492898204  0.24721213643897352
  0.25806014870218286  0.26876618828081972  0.27931984853701752  0.28996422652418669
  0.30061663269351546  0.31103920826136205  0.32123138537378254  0.33154014645012719
  0.34204240358900784  0.35259771940842860  0.36321967771719310  0.37401148793321670
  0.38454565963743070  0.39473831924875463  0.40473132499849851  0.41502683831303655
  0.42555109645274064  0.43563175079533811  0.44574164145906531  0.45581117491325657
  0.46624402521004216  0.47687375099508167  0.48739159058383191  0.49802180488201947
  0.50817005707591123  0.51797983725088526  0.52758237671076591  0.53697732124690267
  0.54678608596374867  0.55660021988125419  0.56721698978156521  0.57862115946037629
  0.59070664594862765  0.60320377654487645  0.61550420929326666  0.62726852741815908
  0.63833462093427362  0.64906494810516202  0.65954726179979384  0.66972252834852641
  0.67977777395856864  0.69002574179066012  0.70036610926906484  0.71063862277828671
  0.72079666883025229  0.73121348629756033  0.74143411853837260  0.75152578723472252
  0.76138480047597790  0.77135449205841289  0.78147961505380514  0.79148848962492258
  0.80156142189116764  0.81163144345797333  0.82151177710482215  0.83140885700355893
  0.84152837320660656  0.85190135683352763  0.86247665533464313  0.87289265227456680
  0.88344802152078150  0.89396639641167686  0.90474783274246939  0.91591266013297645
  0.92682861220323676  0.93752242653638462  0.94760808602355795  0.95797334704733761
  0.96816096524061845  0.97855718306958650  0.98906975546942422  1.00000000000000000
 -0.00232116482433734  0.00957746180726819  0.01886820585666264  0.02921030855889478
  0.03931285603446064  0.04962976776673819  0.05983047923394738  0.07052498038898547
  0.08119229773543604  0.09134978603808988  0.10077738265580224  0.11050911812430333
  0.12036415546557336  0.13052609310778884  0.14145453893205764  0.15245590146518753
  0.16348873348606854  0.17401324392100348  0.18453659546596232  0.19532184668761082
  0.20644824740288253  0.21774977292106748  0.22898040563729391  0.24030101309012109
  0.25157411479004377  0.26246080635330099  0.27326083769673737  0.28451897774814300
  0.29644337280394484  0.30886860235224017  0.32081256242595863  0.33223706078959453
  0.34329139845536233  0.35407072045231885  0.36467744865494883  0.37506827071672499
  0.38534387341655013  0.39554831659307371  0.40558485070241640  0.41549988766733581
  0.42551176816432107  0.43566201413286337  0.44589920290621166  0.45612112689399803
  0.46622040276874815  0.47625435766572954  0.48612999461596107  0.49587911949831331
  0.50553215709185551  0.51537814553093420  0.52519926017318130  0.53474758939782796
  0.54444971783719509  0.55408097911831822  0.56402362509499915  0.57440972359432330
  0.58537056939124366  0.59683354219991935  0.60783162976810245  0.61880817937004118
  0.62958908398338809  0.64022975125954062  0.65190827900696002  0.66419321443411194
  0.67646167778193012  0.68784505885199387  0.69839431650048678  0.70842829401378771
  0.71809096096789071  0.72774611231027631  0.73737221689945620  0.74682114634491015
  0.75622995504563373  0.76567486280625552  0.77508193523890723  0.78455536436331763
  0.79390109308670842  0.80327566017046081  0.81274995464808708  0.82311081899656535
  0.83379913550170082  0.84481200943213941  0.85565352790525218  0.86638351400941749
  0.87689083217666663  0.88766576836667466  0.89871260801945674  0.90947219223564157
  0.92053642944306446  0.93171691132776546  0.94249815099734868  0.95277785837399442
  0.96335356893019453  0.97503661260968055  0.98729581855586312  1.00000000000000000
 -0.00244785402565663  0.00949550105230983  0.01986108495116139  0.03098326507516242
  0.04184084923799049  0.05263828753704215  0.06322733849983750  0.07316808280229121
  0.08284794159569545  0.09235389255582510  0.10209524516864396  0.11181170957786718
  0.12131884422076286  0.13106240710040523  0.14107848027129236  0.15144366143353499
  0.16233438911596554  0.17388124656697368  0.18563460248850605  0.19704431055859606
  0.20809300146001333  0.21882428334399104  0.22919282818353631  0.23978005913671088
  0.25046929205643148  0.26159786750717318  0.27246880603557883  0.28314676680126827
  0.29391107194541538  0.30460417333491641  0.31493046853685575  0.32491297312481116
  0.33513662734550198  0.34568632927422988  0.35613049833870830  0.36638445228636324
  0.37665538123504977  0.38702021648137042  0.39743607643047307  0.40757915122208943
  0.41760495224933386  0.42781497838351273  0.43833253503621533  0.44858048525776822
  0.45871633986909971  0.46877877521989164  0.47875722774001128  0.48882582000949804
  0.49904409076635259  0.50957938266201930  0.52030665860813707  0.53116301151408429
  0.54207922453258750  0.55294572686774401  0.56362760835193515  0.57394415934555776
  0.58449929831693348  0.59568220995293231  0.60689862799188943  0.61755209124318189
  0.62789767145119235  0.63847208012780010  0.64922388873109071  0.66007726882230255
  0.67074470500523853  0.68114701160987212  0.69142502423038732  0.70105494526478673
  0.71120635161747359  0.72130181394692117  0.73161588977910341  0.74183835384909125
  0.75235304371862710  0.76372804319700827  0.77488916687717646  0.78553359782946375
  0.79646469098361916  0.80734259776064377  0.81870274862484149  0.83014139577896895
  0.84117978926078218  0.85206518154040700  0.86331500820706519  0.87457818971142409
  0.88553615155566379  0.89603280377185979  0.90637252662812684  0.91679326634756941
  0.92762320720161173  0.93871277268414399  0.94912705599719727  0.95909493527135559
  0.96911016768206848  0.97951615544610404  0.98986792047861549  1.00000000000000000
 -0.00249519171650664  0.00900375233972910  0.01904649288975242  0.02917622370533630
  0.03948579285507808  0.04991043421213915  0.06038273402748067  0.07101270036497176
  0.08128439316639952  0.09164121554012025  0.10219765970007763  0.11292632391512300
  0.12363598711428626  0.13367581413532312  0.14357932481192012  0.15369361061740994
  0.16400424891161045  0.17378251699715958  0.18341096901815118  0.19371385730812574
  0.20448444547851408  0.21467732501275139  0.22435113292305550  0.23416529333045960
  0.24404376410813861  0.25374813303359228  0.26329227293825402  0.27326833517269500
  0.28415293478104553  0.29510828223753005  0.30583633906907942  0.31622673087216008
  0.32646921501753567  0.33690655178330037  0.34754907713048205  0.35857603008167488
  0.36972235197688186  0.38088544939100977  0.39209210595824084  0.40302008239993597
  0.41381188159110915  0.42443684435005702  0.43505019077790508  0.44604201670900245
  0.45718231072929671  0.46783350202511942  0.47872920386637213  0.48982226563938647
  0.50111214689355144  0.51180994793538737  0.52263857278911952  0.53390767288881935
  0.54574820023359305  0.55734725184993283  0.56884345535001191  0.58025680866982721
  0.59138288764770697  0.60239900416360836  0.61340486615598155  0.62421042552009776
  0.63475718420756233  0.64507647040277982  0.65538900422454882  0.66536057338833665
  0.67507685809336859  0.68485655055774253  0.69516350226512535  0.70554485540478806
  0.71619118373345281  0.72725733489540989  0.73848134675965227  0.74963535247928781
  0.76026706742461070  0.77072527512259537  0.78071913090220479  0.79034765949836305
  0.80012716485898483  0.80986567327626313  0.81989262895260651  0.82996520134201668
  0.83969980535740829  0.84932331608356915  0.85877924747951517  0.86861035360386496
  0.87859466507263184  0.88881637030231553  0.89920618494005422  0.91033470090537261
  0.92146981089816482  0.93324698476053780  0.94523378039488826  0.95729955247048271
  0.96799335321756463  0.97899448795487465  0.98934042412760403  1.00000000000000000
 -0.00200163184738733  0.00859091079461667  0.01751845451247964  0.02746676478619093
  0.03770993365854222  0.04916268405033436  0.06110520499940599  0.07285425070314475
  0.08477302020412139  0.09634882153888610  0.10728589307566602  0.11769957059260044
  0.12837205857632614  0.13934787948997815  0.15083397753659727  0.16161649892165827
  0.17223945320994452  0.18290992027174263  0.19330240978499835  0.20367395297494292
  0.21410527661314602  0.22462273579554148  0.23507112258084112  0.24529232403238466
  0.25556004915037939  0.26613671420070562  0.27672909926203548  0.28691964805425202
  0.29690913091564863  0.30698622122106545  0.31703320423794429  0.32705926714549421
  0.33762034934773655  0.34859628675110643  0.35937991974342565  0.36989634805346283
  0.38062625333427014  0.39157452191005976  0.40210560800577061  0.41218618364688930
  0.42214743362807994  0.43249709516427903  0.44348700090676907  0.45469555012258694
  0.46563039887415708  0.47619458682870058  0.48666742609746755  0.49714570718463641
  0.50754576222434500  0.51808878744963527  0.52864872465126489  0.53907183457120433
  0.54948977081573680  0.56008051022452798  0.57089787619006860  0.58161009532957841
  0.59231307803972233  0.60275665147523649  0.61265525166319690  0.62247715869120201
  0.63249801122336236  0.64273588771822510  0.65308078741394249  0.66347473527873635
  0.67379733213872450  0.68396311191427883  0.69423981752113728  0.70478351599845057
  0.71541287914049800  0.72562572450366303  0.73572540627724781  0.74577214865074304
  0.75539445852122966  0.76487310926268104  0.77473817949888124  0.78455487224570231
  0.79454930301552074  0.80498791455529428  0.81636660765557778  0.82768716894887173
  0.83891518953492106  0.84986519035667141  0.86093391080554438  0.87160371858885932
  0.88260727279482121  0.89370508985159614  0.90456722762321573  0.91546527098667019
  0.92658876368933762  0.93770913325994898  0.94882539598471161  0.95947545881221197
  0.96982530213624962  0.98012414036681805  0.99021876353881011  1.00000000000000000
  0.76615995309815388  0.76742175664269108  0.76902224556337750  0.77049767523772505
  0.77233124730495251  0.77452512028075304  0.77660217858628600  0.77870915427661536
  0.78084955271500145  0.78304464809238050  0.78527685642559386  0.78751210318622133
  0.78975455191137778  0.79188698084227194  0.79395167766537278  0.79597382767232727
  0.79808163226383533  0.80023384154704136  0.80249976833297099  0.80470727138040588
  0.80681738626148214  0.80883559499687174  0.81079252312474137  0.81275655212689157
  0.81475105388575308  0.81675444335046887  0.81875204121161804  0.82073274389104411
  0.82272793617337225  0.82475695098798318  0.82677550436380121  0.82879181482043951
  0.83078189055977880  0.83278104501497530  0.83480467476097997  0.83682452885485437
  0.83885882808951995  0.84090259129972167  0.84298876720939164  0.84510640272382642
  0.84719392532479421  0.84927307655163831  0.85134405408437597  0.85339597075267193
  0.85542929029156989  0.85754077813900254  0.85970326966623256  0.86193822644576890
  0.86415075475552539  0.86636232301217264  0.86858804713305526  0.87075151290735653
  0.87285556973831169  0.87494853886614365  0.87714226238350201  0.87941342962179936
  0.88165505838372515  0.88387259909736804  0.88611892839967898  0.88837035290498279
  0.89064156941685679  0.89288961092522323  0.89517432701808808  0.89752070453695898
  0.89997086020670347  0.90235167206792044  0.90471726627040872  0.90710391248018851
  0.90952397255527440  0.91200987883672080  0.91452873657411782  0.91710810352073358
  0.91978213814600729  0.92240416404952319  0.92498452336781289  0.92757704815914033
  0.93015590018616801  0.93276123710989611  0.93548602484433019  0.93834057115551628
  0.94121935916802357  0.94395762384828918  0.94666919054229426  0.94941907099945033
  0.95226428718991951  0.95516632455979900  0.95825741607248072  0.96169088132908997
  0.96532955422170641  0.96899011535577539  0.97269701556037669  0.97655322610338247
  0.98085026660102659  0.98593750808791147  0.99215847892658138  1.00000000000000000
 -0.00779665333519164  0.04845108508229803  0.07196683781943396  0.08703682445452722
  0.09888489287072581  0.10868303177976550  0.11750234227462848  0.12560681245128263
  0.13307531481384943  0.14004501248926010  0.14685147735216308  0.15355554993598639
  0.16004014547607637  0.16641769764003378  0.17240729939122357  0.17823697435091301
  0.18397592564259502  0.18967840967319147  0.19539147119903283  0.20115585422484281
  0.20685706778307925  0.21213722159754164  0.21730060715899807  0.22234844480609967
  0.22746262988143803  0.23278163936419927  0.23816116749334121  0.24360664121483680
  0.24901083355123446  0.25436336736564186  0.25976715895455965  0.26521229708394839
  0.27069688004840764  0.27617292362946017  0.28163566171377419  0.28710096500503962
  0.29255380712974177  0.29811073490054596  0.30375986891262829  0.30938718863258241
  0.31500625049202025  0.32066004963735062  0.32629366610419347  0.33200738222752724
  0.33780855079238392  0.34353599203284224  0.34929042088180934  0.35510950467645469
  0.36092138288616110  0.36698001886890363  0.37303067824090708  0.37924814207265983
  0.38560072959915964  0.39200563323160614  0.39849264684200980  0.40502393169294709
  0.41158547024963266  0.41826372458307282  0.42510460445613968  0.43203327078462800
  0.43881934600012357  0.44539470532687492  0.45202780920994945  0.45890495796991526
  0.46615596469680415  0.47353003623267220  0.48100441726713816  0.48845277085063898
  0.49607627313414854  0.50389975174313439  0.51197907964998290  0.52012858231806625
  0.52836582317035929  0.53664446799156096  0.54489778674728018  0.55327460563014397
  0.56212453995692091  0.57134624647659038  0.58060965203299908  0.59007918828588635
  0.60013217416075071  0.61117482438883619  0.62306582089318574  0.63525835278917131
  0.64782136254159417  0.66073296162020179  0.67366798810372763  0.68731398997267557
  0.70217872573844131  0.71831030395353690  0.73596617396942332  0.75692343208673585
  0.78257052343586730  0.81601965753679673  0.86309232186548779  1.00000000000000000
   3.2532834164391197E-019  -1.0000000000000000     
 F F F F F F F F F F F F F F F F T T T T T T T T T T T T T T T T T T T T T T T T T T T T T T T T F F F F F F F F F F F F F F F F F F F F F F F F F F F F F F F F T T T T T T T T T T T T T T T T T T T T T T T T T T T T T T T T F F F F F F F F F F F F F F F F F F F F F F F F F F F F F F F F T T T T T T T T T T T T T T T T T T T T T T T T T T T T T T T T F F F F F F F F F F F F F F F F F F F F F F F F F F F F F F F F T T T T T T T T T T T T T T T T T T T T T T T T T T T T T T T T F F F F F F F F F F F F F F F F
  <DiscreteSampler_grid>
  grouped_processes
  1 # 1 for a reference and 2 for a running grid.
  10 # Attribute 'min_bin_probing_points' of the grid.
  1 # Attribute 'grid_mode' of the grid. 1=='default',2=='initialization'
  0.0000000000000000 # Attribute 'small_contrib_threshold' of the grid.
  0.5000000000000000 # Attribute 'damping_power' of the grid.
 # binID   n_entries weight   weight_sqr   abs_weight
    19   10   3.490514318057659E+001   5.606913676586742E+003   3.490514318057659E+001
    20   10   3.490514318057772E+001   5.606913676587114E+003   3.490514318057772E+001
    22   10   9.834250251617869E+000   4.450691922076441E+002   9.834250251617869E+000
    23   10   9.834250251618176E+000   4.450691922076723E+002   9.834250251618176E+000
    25   10   3.490514326134046E+001   5.606913700492955E+003   3.490514326134046E+001
    26   10   3.490514326134168E+001   5.606913700493354E+003   3.490514326134168E+001
    28   10   9.834250294307935E+000   4.450691957678267E+002   9.834250294307935E+000
    29   10   9.834250294308287E+000   4.450691957678593E+002   9.834250294308287E+000
  </DiscreteSampler_grid>
