 -0.00000000000014133  0.00000000003278766  0.00000000021300817  0.00000000058100567
  0.00000000113911191  0.00000000184362047  0.00000000268519007  0.00000000368932361
  0.00000000472022864  0.00000000578149249  0.00000000697471111  0.00000000822802037
  0.00000000961498503  0.00000001107197074  0.00000001266261553  0.00000001438325222
  0.00000001616744475  0.00000001809359922  0.00000002022254137  0.00000002231387245
  0.00000002439462724  0.00000002657849107  0.00000002886010271  0.00000003116183820
  0.00000003341401457  0.00000003571586292  0.00000003816112273  0.00000004070331027
  0.00000004327566799  0.00000004581760897  0.00000004827446190  0.00000005072103692
  0.00000005322093784  0.00000005583041280  0.00000005851892170  0.00000006122265530
  0.00000006391853772  0.00000006660538189  0.00000006927246394  0.00000007193892792
  0.00000007459066577  0.00000007726417407  0.00000008012231051  0.00000008313578636
  0.00000008629921964  0.00000008948136909  0.00000009265389113  0.00000009580025510
  0.00000009896067254  0.00000010216320963  0.00000010540714352  0.00000010867520780
  0.00000011194352187  0.00000011513626384  0.00000011911189479  0.00000012313464092
  0.00000012716218289  0.00000013118033608  0.00000013518072173  0.00000013916127567
  0.00000014312857471  0.00000014716702572  0.00000015125202386  0.00000015548867942
  0.00000015970267434  0.00000016384633414  0.00000016835968816  0.00000017372023842
  0.00000017914343753  0.00000018468493315  0.00000019027740741  0.00000019599657329
  0.00000020196193350  0.00000020826938958  0.00000021466698659  0.00000022098705194
  0.00000022753572733  0.00000023407770696  0.00000024039980633  0.00000024746312620
  0.00000025644171060  0.00000026534136125  0.00000027421306951  0.00000028361096361
  0.00000029349992871  0.00000030398199403  0.00000031524098970  0.00000032742878047
  0.00000034087246941  0.00000035444002157  0.00000037680817621  0.00000040420115121
  0.00000043889244455  0.00000049860897871  0.00000059920011346  1.00000000000000000
  0.00947121819841213  0.01663937510015272  0.02682466615363153  0.03830564236325417
  0.04959267750753545  0.06054634352694722  0.07105805971822800  0.08104996454472643
  0.09144731363738781  0.10194415953463559  0.11245358689256724  0.12286220645183191
  0.13345179269144686  0.14425654146913292  0.15483308924669090  0.16561490248774327
  0.17612988135026689  0.18643937508903702  0.19611790683768299  0.20567813274114213
  0.21573169350212310  0.22553355358808197  0.23582411775520198  0.24644262249962864
  0.25733021055223437  0.26782512309246165  0.27835403039271661  0.28840892280481173
  0.29879254169393216  0.30856759443724130  0.31927971559921259  0.33037412750076461
  0.34161337616265552  0.35279185357475856  0.36366965371566412  0.37430397524012188
  0.38473165343084931  0.39497914859658673  0.40528436325990136  0.41568587333659829
  0.42596952789485759  0.43596529082152607  0.44551281619535932  0.45460478551429989
  0.46366869488153956  0.47327206833362667  0.48370087248070048  0.49424203472778089
  0.50473016769596668  0.51503235061511754  0.52532840375582768  0.53522225539152168
  0.54507670917521256  0.55533963958461507  0.56571221820056794  0.57658556505788694
  0.58781677129334076  0.59916704060132997  0.61053195116604109  0.62172617998842461
  0.63268807067863941  0.64355668938701838  0.65371450304428325  0.66388387863762999
  0.67328775562191612  0.68249114659087762  0.69160405268417091  0.70162948776414102
  0.71183449783651953  0.72266334713480485  0.73322064394476583  0.74441845687114305
  0.75497607073299455  0.76470684909189546  0.77440424599720226  0.78391415975522760
  0.79334279874129798  0.80298546799096382  0.81308524331851229  0.82315781377483599
  0.83300600571709016  0.84309283318508921  0.85381884139494812  0.86494295573777169
  0.87627760719895686  0.88805206240007761  0.89940525703443674  0.90906804329461111
  0.91876313723732816  0.92826051433721268  0.93829590380186223  0.94864226932489659
  0.95900079059354659  0.96983767167461266  0.98067672328345334  1.00000000000000000
  0.00950705003634460  0.01579947353634231  0.02580817767694284  0.03715348782205356
  0.04739345689547429  0.05695431593507509  0.06717836977274481  0.07780876390755741
  0.08814250110329334  0.09869160232517803  0.10911633812435735  0.12131676007705867
  0.13339688467790944  0.14594521655620118  0.15772810089147909  0.16880528427599301
  0.17956577998681716  0.19028024663212781  0.20115242809226760  0.21195835300663013
  0.22275053629311184  0.23348603419712538  0.24413324357780608  0.25420540362699645
  0.26396845529732887  0.27397430538499629  0.28459530646818804  0.29538092449148218
  0.30592670013659445  0.31639676289656032  0.32705840280082221  0.33698497584666748
  0.34634846484075094  0.35541928776498422  0.36441220113188144  0.37368193695538238
  0.38217139177623061  0.39095086419930447  0.40001072565193574  0.40991690872076331
  0.41975216649018426  0.42982903827385910  0.44033560409800582  0.45094197758888221
  0.46150734085521156  0.47169262627323966  0.48209878900809511  0.49277583004757103
  0.50378551192948329  0.51463349845985973  0.52508875740931438  0.53446757696069858
  0.54373437620762566  0.55264944629521051  0.56211169904136560  0.57232275146064870
  0.58257190719320506  0.59315872495253064  0.60380203067273708  0.61446613854993382
  0.62496231496665622  0.63562058913659025  0.64637636796967701  0.65699819607636289
  0.66746811753844260  0.67799980584917297  0.68887993968454686  0.69964203109127865
  0.71048583182022151  0.72130363789771779  0.73243542685337548  0.74341087356344426
  0.75456971636186398  0.76567411065555624  0.77656161191441064  0.78656285123673775
  0.79678205743751263  0.80664995361947578  0.81630260916683461  0.82555434187982157
  0.83541034366838152  0.84635033019426709  0.85815282574282237  0.87065923320922800
  0.88249106836692093  0.89408663175097414  0.90535130987894152  0.91680172723009545
  0.92734741485063477  0.93822206234569838  0.94961686166796866  0.96138833084154385
  0.97123266510538742  0.98165829119852821  0.99122105630550927  1.00000000000000000
  0.00003894112712270  0.00004077601421144  0.00004249174101672  0.00004423949603465
  0.00004593924745480  0.00004754860055161  0.00004913164953347  0.00005074471322616
  0.00005239037485940  0.00005403092012078  0.00005567334786825  0.00005729538020070
  0.00005894962801256  0.00006063088933199  0.00006232794446328  0.00006402763970733
  0.00006581015669817  0.00006762934709972  0.00006946203003030  0.00007131488480091
  0.00007316603322772  0.00007504669252633  0.00007701072157433  0.00007904570229350
  0.00008113388180937  0.00008321919869941  0.00008533023719938  0.00008749030274619
  0.00008984632840800  0.00009225489862226  0.00009467413117156  0.00009712918952809
  0.00009954456569436  0.00010202594809116  0.00010475637125169  0.00010765389066772
  0.00011049027905824  0.00011344523658174  0.00011652442830496  0.00011973812186385
  0.00012324162041963  0.00012677356061608  0.00013032354621815  0.00013390010671120
  0.00013778999380182  0.00014225898285038  0.00014698043635764  0.00015187342115115
  0.00015674831180308  0.00016198400870322  0.00016744285218984  0.00017310773596841
  0.00017896780510012  0.00018521266518040  0.00019238545930027  0.00020025968308986
  0.00020837780126392  0.00021665850989412  0.00022541446052659  0.00023477823826123
  0.00024463916434697  0.00025596192373967  0.00026937756468010  0.00028361009181426
  0.00029867372081170  0.00031436995244672  0.00033068209383488  0.00034952913199356
  0.00037204126903603  0.00039722762947599  0.00042526665423606  0.00045499263843263
  0.00048632138868335  0.00051927772836470  0.00055449399811438  0.00059209570366852
  0.00063130764426358  0.00067842762201062  0.00072908384875785  0.00078796196300802
  0.00085772606660642  0.00094207297502222  0.00103490063067849  0.00114232632098374
  0.00127590543454108  0.00144939267363838  0.00168762759533857  0.00194187823373584
  0.00218024039232552  0.00242497896824228  0.00271850521697846  0.00323895984072819
  0.00453995433855119  0.00703989271483624  0.08819139349181165  1.00000000000000000
 -0.00275018769957051  0.01025885488833489  0.02071884606920564  0.03149713449350991
  0.04208063823296328  0.05309065093608618  0.06424128016059875  0.07551649582883302
  0.08686533164669129  0.09789171308986105  0.10856796258432057  0.11944045268832626
  0.13055817611230408  0.14206106566814214  0.15346735781359225  0.16497557887921252
  0.17610264641074727  0.18720823525876462  0.19661135442547661  0.20677494579759231
  0.21666113944538787  0.22710684658205596  0.23685317794518529  0.24655227911627389
  0.25689533797794101  0.26775099149042547  0.27816048129649729  0.28853709572154385
  0.29903400926789875  0.30980990058824398  0.32015740222974043  0.33034950799542001
  0.34081293524579348  0.35130992569973685  0.36293958722816855  0.37492251945243327
  0.38657770573422345  0.39809040482110397  0.40953856903784402  0.42068160283127248
  0.43144407224957620  0.44226567312691728  0.45314914003623907  0.46345540090482468
  0.47322567736970089  0.48274149217210605  0.49218892846848433  0.50187270269683981
  0.51158030474950134  0.52122545673855003  0.53087030804221202  0.54097936095217636
  0.55152884297425997  0.56209114754242018  0.57228256903507291  0.58242318224499046
  0.59293283496634364  0.60402776206851228  0.61504989901209561  0.62609245908041145
  0.63671028609218827  0.64721724106884482  0.65784158133387116  0.66824738249506788
  0.67831065695342985  0.68813363516875936  0.69789945306845347  0.70724706302182061
  0.71759432162837444  0.72852522974147182  0.74041816416687645  0.75210233722788722
  0.76360043078500062  0.77456195856829169  0.78512866776605961  0.79597036884193395
  0.80695900343514937  0.81726151394050983  0.82720133486243841  0.83773646751967934
  0.84834735641596248  0.85851552390325658  0.86841997820852812  0.87828399173593874
  0.88837583427764466  0.89863680689045311  0.90906896430312845  0.91926813033460208
  0.92915411726109520  0.93894626740641440  0.94883164322436697  0.95865744729978597
  0.96894904258237613  0.97889876503107065  0.98946700522049913  1.00000000000000000
 -0.00288331427112848  0.01034601130277345  0.02157371477121101  0.03279144487656609
  0.04345227713209959  0.05397008768954473  0.06420685101214761  0.07388844752823050
  0.08421211829257222  0.09489783471068070  0.10544579282522940  0.11538269627898939
  0.12563365379857078  0.13609290202035215  0.14625742273764358  0.15570751578913827
  0.16555795277701224  0.17586738125332238  0.18626086847197204  0.19637046724303825
  0.20633394871667282  0.21619467214109170  0.22602423677639405  0.23626441526906333
  0.24709664863578279  0.25861888905346880  0.27008322651521188  0.28191624579784647
  0.29364514044420498  0.30495515392650263  0.31558565937993865  0.32550507173897308
  0.33540480325175698  0.34550988464592053  0.35561501084314856  0.36583506995731513
  0.37595103282301734  0.38625535799521232  0.39683833824994724  0.40806118747068865
  0.41973542350727322  0.43156928905569952  0.44296452431323113  0.45398585227944355
  0.46472044006196112  0.47539186290481633  0.48581075167126347  0.49603916876307236
  0.50642308137842285  0.51732611223201463  0.52841273180443771  0.53908116283037333
  0.54911518548891425  0.55929583929820259  0.56935705695500494  0.57947007717643317
  0.58931616734277725  0.59876113694883437  0.60854086624251003  0.61839017275592001
  0.62887555538681750  0.64011280340705667  0.65089172416832108  0.66178497417497995
  0.67207476825419243  0.68218305012847924  0.69206465487973845  0.70220355982439631
  0.71249026964248796  0.72322598804788674  0.73382521413609547  0.74494827851111611
  0.75621601609400546  0.76717785067836852  0.77788487449308352  0.78831799885273801
  0.79919745160802502  0.81017833365347147  0.82126528674373578  0.83233144129026637
  0.84390704969501273  0.85525948061974699  0.86684882072638825  0.87741349417821612
  0.88806103815946780  0.89854285439561987  0.90878819346797934  0.91891736972335136
  0.92925040657904168  0.93944878342863192  0.94907947446079266  0.95894202436885967
  0.96929699266228886  0.97971370251772505  0.98967593041230972  1.00000000000000000
 -0.00307263939069645  0.01117048555969661  0.02277104088759882  0.03392338396714488
  0.04418428413905258  0.05400050408368732  0.06400385848565281  0.07447883501022719
  0.08512474128939562  0.09574113462601890  0.10682769317360921  0.11846841547167647
  0.13010945812411034  0.14115746927081602  0.15150920239082474  0.16138230513321516
  0.17145412126652046  0.18201689664282891  0.19243983617728189  0.20251289854277663
  0.21252031045108305  0.22228684335081478  0.23196250752380013  0.24207347471732021
  0.25216937232403669  0.26215939553564738  0.27176711556428423  0.28111657693818054
  0.29045399489163531  0.29995256258415143  0.30972072941158330  0.31986117096868288
  0.33081784510708806  0.34179851132811945  0.35313175495824378  0.36413242128553480
  0.37560181449003094  0.38703604017030691  0.39840392251846141  0.40928025105167254
  0.42026785121226995  0.43149435758202226  0.44218317194944523  0.45252373091787734
  0.46290280617665486  0.47334248194657147  0.48351717510203740  0.49363417756806094
  0.50365994935499014  0.51584923708270236  0.52738722786416725  0.53928671475520229
  0.55002020543825658  0.56031854452060592  0.57065979150707880  0.58132333389037472
  0.59277174127364007  0.60358837215616579  0.61474556466684971  0.62533903969909066
  0.63601659413007983  0.64593181367286934  0.65546313402195056  0.66506872630241831
  0.67510433257868396  0.68483426773033695  0.69432982601529536  0.70392431369903519
  0.71377112747976579  0.72430717663286037  0.73465691853594550  0.74510342918572015
  0.75571197547534830  0.76639462197408681  0.77635635845622442  0.78607682545963486
  0.79599324050390974  0.80609029101017560  0.81614755002358441  0.82642920556149413
  0.83715085430124225  0.84823963645274680  0.85922682674642792  0.86975319463915457
  0.88010908694990941  0.89038466524996251  0.90061999230795475  0.91111077415638930
  0.92197100880959448  0.93277826140033637  0.94334186728874703  0.95366680867230813
  0.96425676767431601  0.97556300114771488  0.98710269146846230  1.00000000000000000
 -0.00202293733532770  0.00813394402331171  0.01659178767720918  0.02568189223651214
  0.03470642677618635  0.04401944512024591  0.05291045596637155  0.06203782089964785
  0.07137832654281084  0.08093005559809342  0.09071334662668673  0.10055571276811631
  0.11120924068592627  0.12306009666534989  0.13519039484666592  0.14811009999061175
  0.16089828679314630  0.17449964527497908  0.18720047977673523  0.19879075769844812
  0.20987827297066003  0.22052094390701932  0.23093075003333277  0.24094423673261342
  0.25065871571989917  0.26020019555125640  0.27004420359220799  0.28061610950439170
  0.29138134543611205  0.30227567173540126  0.31334667064174493  0.32459500943286673
  0.33562896551973570  0.34642786018803623  0.35726006053821230  0.36851864204815676
  0.38016596333313807  0.39182905818605129  0.40327403361161013  0.41425514188382062
  0.42463609545463948  0.43483421476879458  0.44525698174235195  0.45569380314921409
  0.46568579943643501  0.47489910869367341  0.48432767517566910  0.49428154734466234
  0.50480121704565939  0.51569323267779432  0.52678895236345635  0.53808285167182857
  0.54952390725183542  0.56147379765506378  0.57398721032951994  0.58659153872407133
  0.59925290825882505  0.61105211697634565  0.62230561967252729  0.63251416895436929
  0.64224505617777938  0.65240629579893261  0.66244696728142938  0.67197794314752346
  0.68098329624647591  0.69026176052102717  0.70005061606811958  0.71008448703495797
  0.72018876983817226  0.73042876577061444  0.74100369113357933  0.75161485092392921
  0.76231013804633951  0.77284015177631549  0.78292526890090142  0.79310214234788501
  0.80414366621644395  0.81531742157517695  0.82583226524676412  0.83614893364019194
  0.84662355768539288  0.85729370775507996  0.86783801719632447  0.87813534103715984
  0.88813906787492503  0.89798884449837757  0.90791665784069708  0.91791347448498850
  0.92786919359593145  0.93782152355063109  0.94792974831969679  0.95849140897106788
  0.96875646884806810  0.97895398270164502  0.98900403067514608  1.00000000000000000
 -0.00195270690332883  0.00840910251547506  0.01728007212861173  0.02614881268751650
  0.03503020028279853  0.04427596144154176  0.05365689939393023  0.06337338910790810
  0.07338938670841706  0.08340268600687323  0.09307048243112205  0.10275487365138211
  0.11263399749187625  0.12300503366620966  0.13346386826606171  0.14383131014148270
  0.15400952311657393  0.16407605437596923  0.17430992396131159  0.18454956599900196
  0.19475100485699490  0.20509782697878587  0.21582963182721249  0.22658267643435712
  0.23694704603429145  0.24695247847322582  0.25719110511842286  0.26774591327274871
  0.27860651622036314  0.28957730994413317  0.30027578156202805  0.31080209664250830
  0.32095991328550633  0.33124779232822987  0.34189345063942583  0.35248397971299561
  0.36312011610494432  0.37390696889322778  0.38505750167442798  0.39625818353294090
  0.40719024396976938  0.41797800699264054  0.42842855541875813  0.43862286444780224
  0.44878794838042219  0.45904021734883549  0.46919904796551787  0.47946767285188624
  0.49024550117652133  0.50102631242512174  0.51211528871532386  0.52334147771165429
  0.53436554717596152  0.54557069417610060  0.55677873290835123  0.56866672377823890
  0.58118574979807458  0.59383595580354809  0.60615652932483510  0.61796313135310432
  0.62924067893651559  0.64029821517989960  0.65162729639695705  0.66323303293453517
  0.67443762064118185  0.68504478416777259  0.69569656606664909  0.70656741803658607
  0.71755648848109288  0.72919860279075022  0.74148405848448251  0.75319951435420174
  0.76380054711286627  0.77405254086794961  0.78454427234101720  0.79523093843504977
  0.80574684345306702  0.81618514979743051  0.82667588398984104  0.83683180806282764
  0.84690119912988393  0.85699722168004511  0.86720581268370800  0.87719285943266778
  0.88700334738298536  0.89709859278482507  0.90736143345783327  0.91767242651687730
  0.92729755726126539  0.93707684763322996  0.94693594657488345  0.95716925340070147
  0.96767230837528107  0.97830416722121405  0.98892566325297471  1.00000000000000000
 -0.00242602769242589  0.01148815879261504  0.02320210892830193  0.03442350557169845
  0.04564737161609801  0.05707258787566359  0.06740045025569640  0.07703800273895936
  0.08614500841493999  0.09510263311262904  0.10472378919043812  0.11439807968572553
  0.12342065376987575  0.13236108742393779  0.14200951067804513  0.15255067502256817
  0.16338540891209416  0.17384231533969466  0.18427612137827976  0.19424489540708226
  0.20413798304451292  0.21345203045522640  0.22283051769489817  0.23220703216010005
  0.24238400695614964  0.25215956791418148  0.26175700006816693  0.27152891029483939
  0.28162842780474395  0.29167729317024838  0.30192792247617189  0.31239026218653559
  0.32338307202438388  0.33474386375483439  0.34606819830943281  0.35772499114193917
  0.36911885273618267  0.38026063786134257  0.39077036111973784  0.40090266095287735
  0.41132796461684645  0.42154889980573185  0.43279869844778940  0.44354074283915346
  0.45445508129341267  0.46551621739929477  0.47680625456840764  0.48652133799152708
  0.49582187775710984  0.50563493025378314  0.51555140591859672  0.52525181081277006
  0.53535446092273531  0.54597981867190581  0.55716150045953849  0.56778056579944647
  0.57813855730557917  0.58845107847346922  0.59902765625783805  0.61000811416484202
  0.62129426896560669  0.63266138940571703  0.64376260302850286  0.65448190554485508
  0.66487047636462882  0.67525447590342758  0.68566998578391125  0.69577781474705014
  0.70563946472806494  0.71543644801882122  0.72528441596072357  0.73515276845598709
  0.74498336190607850  0.75545051990443135  0.76667100060979620  0.77834675811401310
  0.78996716438253589  0.80134269686945636  0.81254634432982187  0.82359263049153286
  0.83441910216226556  0.84499068592060733  0.85560272775684232  0.86634752627322120
  0.87722325390009881  0.88894599559701459  0.90150408654288117  0.91500287172912442
  0.92612408289119807  0.93670484659930509  0.94734924979595958  0.95798154221200149
  0.96789218406286648  0.97805536822398176  0.98882681409689077  1.00000000000000000
 -0.00274704791865798  0.01023372852374177  0.02220150173646690  0.03450804324931893
  0.04710996418746217  0.05923363913000636  0.07022777294671172  0.08014053389360402
  0.08915353615441697  0.09779709801778752  0.10653242758704837  0.11531883402104033
  0.12417915535630142  0.13337043908406063  0.14307726325226161  0.15360673723670423
  0.16464499351482148  0.17545476633111873  0.18663386091753711  0.19942997123799566
  0.21198025751240324  0.22357908121603395  0.23445205511336911  0.24520742301496984
  0.25601834551273223  0.26660875680380797  0.27678127400711428  0.28689564247018534
  0.29719653156682213  0.30754045140649283  0.31750241125390949  0.32704884902291798
  0.33669407277561181  0.34650245777156752  0.35637902879216715  0.36655470406111873
  0.37649041702289748  0.38659889833369782  0.39662544917168319  0.40660838834245289
  0.41664769234416249  0.42655092099958197  0.43654927803930876  0.44685682687157452
  0.45746707840364709  0.46881980931859285  0.47970735237401552  0.49049558744525823
  0.50146561958830582  0.51245462153493715  0.52325485071637490  0.53336782994187593
  0.54340590668203559  0.55417159611641331  0.56502826837920739  0.57626933522838908
  0.58699384256271947  0.59825901538249548  0.60962720743939380  0.62142838336416906
  0.63272542628624484  0.64379525099926616  0.65451118102247308  0.66504508438345300
  0.67541441733242569  0.68615853314353270  0.69595739654251743  0.70537643627429969
  0.71481007247683259  0.72466514258215309  0.73456428465198320  0.74419701211812872
  0.75397569997905556  0.76430089072527274  0.77412612113042933  0.78355334507122365
  0.79317147538649813  0.80328952554659416  0.81352091458104780  0.82384219214624399
  0.83434259371744413  0.84493110754978618  0.85566375021213437  0.86685947034896760
  0.87804505582521053  0.88923000581635403  0.90080156378609710  0.91269090400370823
  0.92427624717415113  0.93521645592070002  0.94651540132677736  0.95768561243687078
  0.96847998807250979  0.97895774012822112  0.98962888197093180  1.00000000000000000
  0.53804159162425935  0.54072103348660983  0.54330140009401928  0.54768969256957789
  0.55155292137056611  0.55527333666807177  0.55880506487149340  0.56229268739415861
  0.56565582997209285  0.56888211665733535  0.57202341737920959  0.57529436088184671
  0.57873600470602393  0.58233792638972914  0.58603076402732857  0.58994469256492332
  0.59370515654985268  0.59756294043989133  0.60129173377381473  0.60485733670792330
  0.60841158868576461  0.61196619375460115  0.61576238707692765  0.61982153475551605
  0.62406841672920832  0.62839135639070565  0.63249321401570524  0.63653661730949285
  0.64036218482663776  0.64411337055542128  0.64756694607695009  0.65087122372796624
  0.65441133062058576  0.65818367842027303  0.66206391408342313  0.66582615224717390
  0.66955742978011012  0.67327891479405333  0.67719612080201885  0.68113051025815907
  0.68504789002324962  0.68902730077597163  0.69321453104804298  0.69747079182597993
  0.70161506027725340  0.70570556764069270  0.70989999050916597  0.71411530814086310
  0.71826709228366292  0.72238714940820847  0.72662807248247197  0.73105490352843694
  0.73542058134741595  0.73980382430473168  0.74404667441250527  0.74832524731307193
  0.75258721287964314  0.75691025441226012  0.76143839972951766  0.76606200139638692
  0.77069121917878902  0.77528894688530736  0.77979962642985001  0.78430688540995008
  0.78878387460823096  0.79326462392481067  0.79778146768774527  0.80246713984213180
  0.80726093159468704  0.81201327054271843  0.81706139381084564  0.82223627520666187
  0.82733567087842563  0.83254912215840438  0.83805269185773557  0.84367336378827362
  0.84912981397536791  0.85458227786851226  0.86047642814351477  0.86648980722251645
  0.87263952896743036  0.87887290432768261  0.88524074515053719  0.89158482763359093
  0.89800707362483556  0.90453070169006922  0.91124231372281139  0.91801188957475000
  0.92488109905525995  0.93193974515125855  0.93946425821717372  0.94791653495233685
  0.95684688409638696  0.96745597593602117  0.98125168742791891  1.00000000000000000
 -0.01406784778179266  0.11518841911896874  0.17752980343676628  0.21102728119990158
  0.23740265730011073  0.25969959431633466  0.27945971527330998  0.29716698435176048
  0.31309865672100945  0.32736528150230820  0.34071687704880599  0.35343992252063972
  0.36656955931757024  0.37899492363486104  0.39042851062351636  0.40091447350938075
  0.41117476331325031  0.42049217886847262  0.42916315722787501  0.43764020069375714
  0.44629797381873770  0.45479426324215938  0.46287542197993720  0.47080177851678057
  0.47853799258010205  0.48641494033764793  0.49393378036466379  0.50133528258528082
  0.50871442048936610  0.51625838522791279  0.52372168487016157  0.53080618127602119
  0.53746767716322863  0.54414939540859686  0.55100554827720871  0.55780295944593827
  0.56447744887512485  0.57098879477793019  0.57726321711557871  0.58367919450328032
  0.59038255073605861  0.59718508488263300  0.60404416090629565  0.61038786059617156
  0.61679674033648813  0.62335768550958703  0.62979526589236989  0.63604574526060864
  0.64206778880137383  0.64766568923140599  0.65285360347449961  0.65803085410261675
  0.66340417172927557  0.66888424497380328  0.67455214729898128  0.67994486612149496
  0.68544157786926141  0.69068245597217781  0.69583946895910564  0.70093095261807969
  0.70619397389387184  0.71179156133300803  0.71765816146648853  0.72359012066069961
  0.72926755563190271  0.73433399314024195  0.73927067163402993  0.74422751871553716
  0.74935950619122893  0.75460574485196674  0.75975778992357557  0.76483447905559876
  0.76980064407108162  0.77454611582421851  0.77937531896080414  0.78436170037252895
  0.78942352089714418  0.79458617150638777  0.79969240164965716  0.80466406102862476
  0.80972189054235022  0.81509570979421397  0.82083358726342159  0.82671695722378791
  0.83271635888833784  0.83929074077997856  0.84640171240159823  0.85368611033834807
  0.86183945924596927  0.87042010477417076  0.87999627460842045  0.89052220374253077
  0.90286359279249839  0.91842550023197778  0.94326810357328794  1.00000000000000000
   9.7149808714440205E-017  -1.0000000000000000     
 T T T T T T T T T T T T T T T T T T T T T T T T T T T T T T T T F F F F F F F F F F F F F F F F F F F F F F F F F F F F F F F F F F F F F F F F F F F F F F F F F F F F F F F F F F F F F F F F T T T T T T T T T T T T T T T T T T T T T T T T T T T T T T T T T T T T T T T T T T T T T T T T T T T T T T T T T T T T T T T T F F F F F F F F F F F F F F F F F F F F F F F F F F F F F F F F F F F F F F F F F F F F F F F F F F F F F F F F F F F F F F F F T T T T T T T T T T T T T T T T T T T T T T T T T T T T T T T T
  <DiscreteSampler_grid>
  grouped_processes
  1 # 1 for a reference and 2 for a running grid.
  10 # Attribute 'min_bin_probing_points' of the grid.
  1 # Attribute 'grid_mode' of the grid. 1=='default',2=='initialization'
  0.0000000000000000 # Attribute 'small_contrib_threshold' of the grid.
  0.5000000000000000 # Attribute 'damping_power' of the grid.
 # binID   n_entries weight   weight_sqr   abs_weight
    13   10   2.029987235213780E+002   2.561904765132710E+005   2.029987235213780E+002
    14   10   2.029987235213717E+002   2.561904765132516E+005   2.029987235213717E+002
    16   10   1.124133723410582E+002   7.856207450982969E+004   1.124133723410582E+002
    17   10   1.124133723410546E+002   7.856207450982348E+004   1.124133723410546E+002
  </DiscreteSampler_grid>
