 -0.00000000000014934  0.00000000000301585  0.00000000001082967  0.00000000002146801
  0.00000000003424082  0.00000000004922908  0.00000000006600583  0.00000000008411757
  0.00000000010268889  0.00000000012089769  0.00000000014150170  0.00000000016229348
  0.00000000018308696  0.00000000020613107  0.00000000022866390  0.00000000025157895
  0.00000000027573898  0.00000000030106353  0.00000000032635775  0.00000000035123463
  0.00000000037619399  0.00000000040192168  0.00000000042872596  0.00000000045607014
  0.00000000048384113  0.00000000051223632  0.00000000054131122  0.00000000057105550
  0.00000000060146422  0.00000000063210703  0.00000000066258162  0.00000000069318588
  0.00000000072407764  0.00000000075540086  0.00000000078721763  0.00000000082012803
  0.00000000085465364  0.00000000089053920  0.00000000092738128  0.00000000096411777
  0.00000000100066632  0.00000000103720250  0.00000000107252177  0.00000000110764217
  0.00000000114343065  0.00000000117916974  0.00000000121805369  0.00000000125881971
  0.00000000129969392  0.00000000134021256  0.00000000138085631  0.00000000142210365
  0.00000000146407757  0.00000000150690797  0.00000000155106739  0.00000000159673653
  0.00000000164321609  0.00000000169003025  0.00000000173731628  0.00000000178380594
  0.00000000183609338  0.00000000188747837  0.00000000193931468  0.00000000199245886
  0.00000000204711237  0.00000000210315448  0.00000000216061904  0.00000000221876904
  0.00000000227658559  0.00000000233508832  0.00000000239414642  0.00000000245315829
  0.00000000251464310  0.00000000258239745  0.00000000265769620  0.00000000273390263
  0.00000000281193963  0.00000000289343272  0.00000000297836772  0.00000000306586974
  0.00000000315563473  0.00000000324783588  0.00000000334284781  0.00000000344248007
  0.00000000354577661  0.00000000364523898  0.00000000377084103  0.00000000391561171
  0.00000000407419509  0.00000000425183192  0.00000000445175221  0.00000000468301307
  0.00000000497596563  0.00000000547480030  0.00000000617984707  1.00000000000000000
  0.00913737116482442  0.01737123802875543  0.02816652292625530  0.03944884741458451
  0.05018622267266225  0.06107077048103213  0.07196307270648855  0.08312625973661825
  0.09435398705081927  0.10526005543159304  0.11586244578509647  0.12636138513145045
  0.13680065049190523  0.14740329651014220  0.15787335330471600  0.16814867742039938
  0.17827445820233440  0.18845893518750734  0.19906125726063928  0.20954799082004386
  0.21989043388721585  0.23039462258997687  0.24104150775344391  0.25147690728298949
  0.26152287121129170  0.27133098845288645  0.28106826475481617  0.29093565738712263
  0.30099191693368349  0.31097378485512689  0.32087623606628241  0.33108267340077857
  0.34184685681769750  0.35269158645167448  0.36328921301911365  0.37362935039815731
  0.38383560513762366  0.39383069229531181  0.40390947933213611  0.41419627131116282
  0.42458489672720218  0.43504259510205545  0.44557151822718749  0.45604873017091563
  0.46646364211682440  0.47694134900374374  0.48736176645954382  0.49756311707422396
  0.50757940095865550  0.51769476282681626  0.52804518877142526  0.53863849145200737
  0.54928327422936030  0.55989469372827838  0.57050244273879613  0.58145102525935122
  0.59240164968320341  0.60363411305359349  0.61470925473153981  0.62555781063779747
  0.63636559114734936  0.64733674006871567  0.65844474686465149  0.66935980805041673
  0.67989389239646525  0.69009873412519562  0.70010527267257783  0.71075481182426470
  0.72205349182464040  0.73345774708642342  0.74435002098369818  0.75497757362458617
  0.76555233935212041  0.77616282711199824  0.78663168323774835  0.79715160446379996
  0.80768548554494257  0.81800975054657332  0.82819680391748229  0.83838486820558744
  0.84895386805836659  0.85938345641408975  0.86948661206851185  0.87938179827650731
  0.88949181868987570  0.89952378026765678  0.90966424557744030  0.91956889402601583
  0.92967897528853705  0.93996868017900836  0.95067724549493215  0.96147247706406769
  0.97169474739552575  0.98144069425269376  0.99144690165564076  1.00000000000000000
  0.00904121894711976  0.01740387685043234  0.02836832969492434  0.03906624498155681
  0.04934839356451891  0.05957804674869435  0.06974913746329180  0.07986457688600063
  0.09028697107281258  0.10110187490607067  0.11174068316749153  0.12197659140186484
  0.13213798717874081  0.14194763194955723  0.15183198958888894  0.16163995595746838
  0.17207039916915018  0.18270453206461501  0.19306429055347407  0.20329554312028578
  0.21339186702726001  0.22340229560986441  0.23345824357788830  0.24360213438422812
  0.25398296871733206  0.26457090731868388  0.27502084855373765  0.28539858981272348
  0.29576119985224381  0.30648197037718888  0.31691441040998097  0.32746915069634774
  0.33829009657868664  0.34953867211752510  0.36033364264176931  0.37082972569289874
  0.38136965328329098  0.39231981393565490  0.40259737963358877  0.41263270438324734
  0.42276051096602218  0.43284870821318966  0.44274895051698288  0.45231749766614365
  0.46234801109492119  0.47314479915843627  0.48369882354854332  0.49374194275881123
  0.50372512719881180  0.51398442719934834  0.52440803457632101  0.53486824034542790
  0.54524204356572403  0.55578702169155447  0.56616736915219945  0.57623079981147252
  0.58632030564978532  0.59617146575055024  0.60611292429719144  0.61632820595148630
  0.62672265772025026  0.63733379161836989  0.64766927846754818  0.65742080972751415
  0.66683506618199617  0.67616164952748370  0.68575741404642732  0.69570367001142530
  0.70563326052935127  0.71565488978158576  0.72579908872243570  0.73613032628110064
  0.74670599156608164  0.75746064001570679  0.76831127496332874  0.77941863491892649
  0.79073532850195793  0.80193848903225351  0.81309255291544802  0.82376597941820462
  0.83431346548704299  0.84430311462187557  0.85411343561645092  0.86397316948758485
  0.87400854240494485  0.88468040063306153  0.89591523279241858  0.90763141668525427
  0.91954373594643812  0.93088944088198300  0.94215018674476025  0.95296057886950059
  0.96410781995565475  0.97521417529679932  0.98727889653042822  1.00000000000000000
  0.00003796847861312  0.00003926240488309  0.00004045525240934  0.00004137322267018
  0.00004262323308579  0.00004377983299868  0.00004489413202555  0.00004600353110692
  0.00004711724437310  0.00004824131034848  0.00004939082125961  0.00005057467806172
  0.00005178477172454  0.00005301056814359  0.00005425437388777  0.00005551587318522
  0.00005677657487785  0.00005813938099285  0.00005950773328196  0.00006091850316126
  0.00006235801746950  0.00006382669985024  0.00006534335946579  0.00006691866045023
  0.00006854667945989  0.00007020532551208  0.00007187294559675  0.00007357775530071
  0.00007538906478083  0.00007735393377010  0.00007940853359395  0.00008151298378417
  0.00008361400769266  0.00008575667432164  0.00008797637543758  0.00009040945872827
  0.00009302243258411  0.00009568624969448  0.00009840338005002  0.00010122496102698
  0.00010416746504117  0.00010725853867552  0.00011048039396598  0.00011375657773818
  0.00011721373667684  0.00012096328866783  0.00012502518498090  0.00012927846518506
  0.00013365292283914  0.00013825357178634  0.00014344218462635  0.00014885270687746
  0.00015432223865343  0.00016012499361053  0.00016659910819099  0.00017383236421420
  0.00018108706458975  0.00018909193662497  0.00019774725810549  0.00020702756071974
  0.00021684199437730  0.00022766207625789  0.00023899050613901  0.00025080505709383
  0.00026348827969383  0.00027711994522801  0.00029196578729072  0.00030861230201588
  0.00032651960849683  0.00034621354465011  0.00036764847369948  0.00039024357266505
  0.00041445781742905  0.00044090723869329  0.00047146602433037  0.00050811881646816
  0.00054629992186771  0.00059104484858306  0.00064534169337882  0.00071119257700400
  0.00078365133929424  0.00086475896158940  0.00095368476447408  0.00105122292894366
  0.00117907579961697  0.00133701911463592  0.00149597636750116  0.00169221019302533
  0.00196150021042561  0.00233017000254201  0.00277132636319748  0.00325855720832426
  0.00383155274990712  0.00465691827552022  0.04421473671421963  1.00000000000000000
 -0.00238106105054831  0.00899369254422406  0.01924633346176872  0.02959492350380606
  0.04009321415313054  0.05075824379226508  0.06172407336190407  0.07247393435503051
  0.08308060557925764  0.09311856532562951  0.10299708127527323  0.11299338842896064
  0.12293909456232448  0.13316044073026034  0.14353907040879535  0.15417261639771204
  0.16487751149146596  0.17518618105646372  0.18533877025917869  0.19562877553906038
  0.20613585320182368  0.21647845063220805  0.22635110355141522  0.23633547284451903
  0.24640052091845208  0.25651710878067868  0.26664074221093115  0.27724141074279707
  0.28812088635262523  0.29859168524577401  0.30894141819926085  0.31911261282803233
  0.32957290514612869  0.34013991356926815  0.35063577640890470  0.36067846800069642
  0.37068589158264131  0.38128257938572230  0.39174581169023598  0.40237581866519861
  0.41356627579270822  0.42491996351105682  0.43632247686246300  0.44691678615140201
  0.45761268525018073  0.46823865219439686  0.47942020052907375  0.49040328471589123
  0.50165940580509927  0.51286242361916612  0.52430594063196501  0.53523850547645102
  0.54598261217109301  0.55606499133223375  0.56640110989370385  0.57630285223599176
  0.58654833300885856  0.59645579516302538  0.60694030032073243  0.61753277456838140
  0.62832320984626366  0.63876313645825589  0.64928328087023313  0.65956496830118072
  0.67002451828929444  0.68072043364632828  0.69154001787063180  0.70250083800970131
  0.71395732190902261  0.72565046306971481  0.73692745357007328  0.74781885405197879
  0.75878540078414780  0.76959620922129979  0.77995147954082700  0.79000158987088542
  0.80020957133748671  0.81059605861933026  0.82106232014012004  0.83136396117497535
  0.84160898437692444  0.85203030500297161  0.86249306397380876  0.87315173611130803
  0.88361399927098583  0.89348901681972348  0.90354517944060853  0.91349453153893634
  0.92408388086024484  0.93483206745654757  0.94564173158714671  0.95645516807529218
  0.96720175581205636  0.97788602395790358  0.98901178390724842  1.00000000000000000
 -0.00244168048239420  0.00981408309351085  0.02045831395816819  0.03221534125514716
  0.04361288344830083  0.05485012229570364  0.06584596299441602  0.07656704895601683
  0.08711190402054524  0.09761970233661149  0.10800751300879598  0.11823060004447289
  0.12833364494341548  0.13831797912194216  0.14841827882303796  0.15872480073343942
  0.16942248207625327  0.18021768547457795  0.19108590099330686  0.20178632548168959
  0.21216713008566038  0.22230905402609780  0.23247767384084703  0.24276853321563946
  0.25317424904843178  0.26327746743254832  0.27322215735129163  0.28335860566894838
  0.29395120106539163  0.30489532710398759  0.31578345308598577  0.32661509131501204
  0.33728447706757669  0.34792966287994792  0.35852556963227400  0.36904093810490379
  0.37947262555744338  0.38982234890666750  0.40017123267094962  0.41032079168061197
  0.42035420113970784  0.43018598883691606  0.44006661504480138  0.45011183564503393
  0.46031784698477723  0.47059319513318315  0.48083601938753445  0.49112974334828391
  0.50155407979468458  0.51182947833098535  0.52221637139135058  0.53266710805859718
  0.54291002436060554  0.55292888182555355  0.56293837289895832  0.57344105669154999
  0.58419214342641945  0.59494125207737714  0.60546945943982011  0.61621704408235634
  0.62692457039837679  0.63804516011004464  0.64908044373100637  0.66001447843353866
  0.67073816853958379  0.68142397509962227  0.69204129500335065  0.70272376484211441
  0.71364018550941966  0.72509660242311347  0.73673082766581066  0.74816380290158180
  0.75917279904032553  0.77000192785231258  0.78045709254279683  0.79092872356909227
  0.80136859497560831  0.81170200369778367  0.82186868503752308  0.83222509783443743
  0.84273170782558504  0.85312247331162783  0.86357981588873600  0.87420415338597190
  0.88473895051237883  0.89521127171223625  0.90588792056819956  0.91632812010517761
  0.92677042777832275  0.93715569101513441  0.94788824502498836  0.95852310796556850
  0.96902626617012844  0.97958718938705880  0.98990741188788034  1.00000000000000000
 -0.00242427224150743  0.00915389594907267  0.01905273689042740  0.02960375294177914
  0.03981123699696185  0.05062051901489836  0.06130662550605796  0.07181817145472878
  0.08237638532676106  0.09286753560656241  0.10350333738839915  0.11373197065818513
  0.12361166808563258  0.13318234594102552  0.14289189431816263  0.15290375374594845
  0.16313885812696374  0.17342539250540639  0.18356907666020125  0.19364231429919895
  0.20366756574647210  0.21418102966314576  0.22533270573130881  0.23615142575467624
  0.24691865682620451  0.25768842306699297  0.26856443823852894  0.27900667821678915
  0.28906909045335161  0.29950051893462293  0.31004980948167926  0.32066251798258927
  0.33141256228047666  0.34250307099784366  0.35352124140874130  0.36415950575484318
  0.37463443397094354  0.38515469974512162  0.39598545670289020  0.40667427304508341
  0.41730244234755087  0.42803108413683855  0.43889139136072575  0.44968272257629560
  0.46036366752916663  0.47091715632609277  0.48106744264592499  0.49110537052831399
  0.50119346876918636  0.51156033581484373  0.52218982691342297  0.53277064122854245
  0.54365817337500932  0.55471282373968078  0.56577918844610919  0.57666910948446992
  0.58721297161772879  0.59766819773621982  0.60798509178393478  0.61802798994033858
  0.62801510993138676  0.63795675082515835  0.64818848652871308  0.65829654873321164
  0.66859727664943092  0.67856537819856333  0.68842470836841707  0.69791265420721971
  0.70771992882761192  0.71780816546351478  0.72800597005083634  0.73836903659540964
  0.74864304396169712  0.75889745415560672  0.76889973029848779  0.77880372189778846
  0.78898775196169824  0.79953350318612681  0.81038141778351691  0.82103283223139101
  0.83190180836475991  0.84320290305015555  0.85497589260295459  0.86652647841771913
  0.87804764056542062  0.88942436229027300  0.90121656147259699  0.91315487799951822
  0.92467202376818891  0.93568628113170005  0.94631929969033346  0.95690637981575943
  0.96730096766696461  0.97786075352031898  0.98880548686153602  1.00000000000000000
 -0.00247927150928080  0.00918656277126366  0.01958917201423153  0.03075958486565316
  0.04187221753983365  0.05273405251052436  0.06322239130124065  0.07380898472924617
  0.08449118622123535  0.09520358156938195  0.10553622211431392  0.11514978116719597
  0.12472211644110029  0.13475262269083471  0.14494372272235209  0.15581793599230950
  0.16695772212208657  0.17804696075227600  0.18885193965708838  0.19952370995033775
  0.20971523938613745  0.21944384332037792  0.22919572395210447  0.23930332913137664
  0.24952820181048690  0.25970041278808453  0.26991238476844348  0.27979894990050475
  0.29010057113015070  0.30071570136182529  0.31217698746605499  0.32321519560661688
  0.33415714069186475  0.34487328338707163  0.35554395661478527  0.36574225372200830
  0.37590315168603788  0.38579420392869718  0.39540850273674027  0.40504903166523459
  0.41490890608584607  0.42530641807902930  0.43602352597007982  0.44700814910318709
  0.45799005815884525  0.46877368277055165  0.47929374116048601  0.48973957891183184
  0.49991677468534557  0.50991575973902803  0.52013847269469038  0.53056691964538782
  0.54096203048502589  0.55113184985889851  0.56136253509128831  0.57171398502352511
  0.58218601555973803  0.59253790667964490  0.60270754832026208  0.61289289681831005
  0.62316359037584923  0.63387801557642598  0.64487289671442860  0.65602529136879506
  0.66706758413626199  0.67793064826341409  0.68841678843811516  0.69883434870057071
  0.70946676770051165  0.72031461593893109  0.73108515101076088  0.74187868605298213
  0.75264931036074467  0.76318056934045775  0.77358970622960832  0.78406419024206431
  0.79474954910941842  0.80536033627242365  0.81620017566137115  0.82733326082527703
  0.83827056502055342  0.84899714920816494  0.85976358573255274  0.87082709669484371
  0.88138098726622682  0.89240992307442502  0.90302980507311681  0.91432029592754493
  0.92494571141088500  0.93591880094234314  0.94677880633317046  0.95773072160550898
  0.96833649053698012  0.97901212232755630  0.98946059267548669  1.00000000000000000
 -0.00257115150172315  0.01021645035797504  0.02157379230248261  0.03300022802905864
  0.04413811456502845  0.05514510700728198  0.06609934707107226  0.07695133467475650
  0.08768022830897769  0.09818313115472897  0.10858111981008013  0.11910796397456830
  0.12986510885048658  0.14087555679696381  0.15202385073677496  0.16303131449969438
  0.17363185913735837  0.18388617622732598  0.19426916119595777  0.20504446169928484
  0.21599855546584093  0.22709868544387396  0.23770244305156160  0.24811951429675624
  0.25858899149230413  0.26918448250767052  0.27995874963812312  0.29080356445530320
  0.30183225118784801  0.31279744718778019  0.32373665416671077  0.33480887660090397
  0.34601054304124601  0.35705893566623886  0.36777604115550455  0.37819451297313700
  0.38834611818140002  0.39845369414586240  0.40857533817336689  0.41850979075968697
  0.42821152375051985  0.43796271067729942  0.44801419285660388  0.45841026030893939
  0.46896942406534137  0.47947941252960657  0.48995611059269834  0.50071307989621561
  0.51199549988866644  0.52323439074248790  0.53373364439934512  0.54412382427506223
  0.55487938210227739  0.56558855163179633  0.57593824807076155  0.58626470825898369
  0.59682783244705007  0.60735205482845889  0.61774935467868886  0.62777116275071465
  0.63756302204622428  0.64753162556970778  0.65744956767487950  0.66718262844202247
  0.67674842660951373  0.68649563937528990  0.69696325776395440  0.70778483395263858
  0.71884550294507088  0.72986222494235420  0.74046460488958177  0.75070674910702540
  0.76078404907194808  0.77103259713449956  0.78132192607216744  0.79159562086786694
  0.80205512151053615  0.81256936067597529  0.82309976913457150  0.83393841162162541
  0.84498423904704079  0.85627956162151198  0.86711104623182278  0.87779829339922566
  0.88869606386048761  0.89917108894982611  0.90960862832103762  0.91965893826526157
  0.92964178562302857  0.93951843675976821  0.94933621578136229  0.95906446319285577
  0.96884570232652967  0.97861576169520614  0.98901365680351683  1.00000000000000000
 -0.00233028932701816  0.00910121137903298  0.01971714581232610  0.03035364177818881
  0.04128489206775600  0.05216894643155082  0.06356847182834753  0.07429654958829837
  0.08502434719252570  0.09604555272800248  0.10745507123027905  0.11889331556505783
  0.13056321943675109  0.14177298131328364  0.15241300747859529  0.16297744693764146
  0.17378585181129375  0.18471411454013853  0.19512255082752150  0.20547836880203613
  0.21592299957782765  0.22654102455993197  0.23713836293812479  0.24794677202264365
  0.25885495492327820  0.26960492533682517  0.28023045261907553  0.29084469031961185
  0.30133864332407140  0.31166576752986624  0.32203911127865686  0.33233955755717032
  0.34242020898833814  0.35230134940326036  0.36215182239943894  0.37244418912268179
  0.38282881131415697  0.39347988420406754  0.40369606811741132  0.41386340930039589
  0.42398501530121185  0.43381590706527123  0.44391860685733014  0.45401044293187742
  0.46447609477403146  0.47514414542418393  0.48586034483496016  0.49669759919655188
  0.50719640188297566  0.51771172655884568  0.52850089414793211  0.53896057535687514
  0.54916670108031695  0.55939650113916894  0.56958028131614069  0.57940960522331286
  0.58921711799775933  0.59926896147959285  0.60972264884792593  0.62000054858824827
  0.63031585272275104  0.64108294497385709  0.65210513435659878  0.66352099209260906
  0.67433130590287305  0.68501679287244499  0.69548236195382007  0.70618129884159397
  0.71698855021143937  0.72783527413027249  0.73879120313195679  0.74957440746648352
  0.76006352795156940  0.77025753800160879  0.78022199679139925  0.79011700838037113
  0.80011825332958597  0.81025566563483553  0.82043116248386350  0.83028960510745042
  0.84049343630087547  0.85117817166943532  0.86215188099530227  0.87302196353702899
  0.88300991872387813  0.89321257092524009  0.90387593092073559  0.91477683522368991
  0.92557881443159284  0.93611974340983739  0.94701090683397493  0.95788916556611758
  0.96859269983476870  0.97926479586644488  0.98976461787065750  1.00000000000000000
 -0.00225824897090551  0.00904474898230452  0.01874848588183679  0.02906028428605102
  0.03958781839142975  0.05008384288346970  0.06065974023681989  0.07094102166530013
  0.08133568121270454  0.09207750649617248  0.10250763967809362  0.11349639227537665
  0.12419148771270812  0.13586349835526557  0.14700982001875806  0.15844363327043959
  0.16947533925122499  0.18029590147903324  0.19104705530920998  0.20153951173429704
  0.21165997568353598  0.22161356634848553  0.23174638149691679  0.24211359413420455
  0.25231715316192399  0.26230261835352825  0.27233023496478564  0.28243408389101088
  0.29263318937560784  0.30285714067229835  0.31320286944980752  0.32350181957052548
  0.33396264549672056  0.34434069783376198  0.35465283117381907  0.36504789631064788
  0.37555702276255165  0.38609244742744897  0.39601275721418600  0.40558674493969699
  0.41538758198661357  0.42616068482646396  0.43702188750891852  0.44742559683913824
  0.45768977691707241  0.46809113453756035  0.47846022199712718  0.48857470481276422
  0.49909318258601942  0.51029403244443350  0.52208922528498147  0.53384921142506359
  0.54554644527683727  0.55703118341344282  0.56852584783111770  0.57991904950920892
  0.59122649601268418  0.60190871629225606  0.61198388548375449  0.62172158974170666
  0.63176406711741451  0.64183048606886794  0.65157610403898913  0.66096097640263185
  0.67075113706980771  0.68121575973256066  0.69162213058884403  0.70224289520918015
  0.71298251342368169  0.72405039787031478  0.73501661189691270  0.74604520112978467
  0.75647201523588747  0.76669668845725092  0.77679514727261922  0.78762482583933724
  0.79767053682936162  0.80782896542260296  0.81825163304530135  0.82894918262606909
  0.83960486909884635  0.85043815236665288  0.86129665803573996  0.87234199462121786
  0.88277297418386635  0.89367457031590769  0.90441648443881384  0.91547026382919205
  0.92604506424207622  0.93627240954965951  0.94672203324067439  0.95739798328754977
  0.96795622963516981  0.97868515288975078  0.98919506575870686  1.00000000000000000
  0.76610659893585042  0.76738251105545452  0.76926282604988505  0.77120769392639343
  0.77367919607229740  0.77639178778757534  0.77905924468314813  0.78170507184277815
  0.78433640628217449  0.78692191537257550  0.78948105004937885  0.79193039682942756
  0.79425993235452186  0.79657801436683862  0.79900575853698363  0.80155751054469537
  0.80407685000207929  0.80655838544849590  0.80897594449376720  0.81133449657240964
  0.81365477162058952  0.81603503131008959  0.81846738092567628  0.82085554339830302
  0.82318006958946954  0.82550341051489606  0.82785741233887311  0.83020611086188456
  0.83252050399777622  0.83482587487375592  0.83715939922926552  0.83952508141091386
  0.84192448893637861  0.84430297883315319  0.84662790587016801  0.84895160075364695
  0.85132164723186299  0.85368792889080602  0.85598846030095288  0.85820858358560348
  0.86040335301748017  0.86262568582312527  0.86485167416260234  0.86707530017328593
  0.86930454193594897  0.87158367008860493  0.87390701736913168  0.87622431571568415
  0.87852722536207295  0.88082689512370105  0.88315657475150411  0.88552167331480758
  0.88789556517240631  0.89018279740140127  0.89240303737669868  0.89461504947988169
  0.89683538638308757  0.89911086394463147  0.90130166959971003  0.90348924841951150
  0.90568164489170255  0.90790221598907617  0.91013160165756657  0.91234512823323655
  0.91462904842083215  0.91694592670304509  0.91928327626426054  0.92155746339891165
  0.92385920844061031  0.92615895864210263  0.92851942296533807  0.93087265653943263
  0.93320629381598408  0.93552862914965584  0.93786645851108830  0.94020355324785787
  0.94255704596294665  0.94491753856367888  0.94726774166649219  0.94962519425798142
  0.95202490166703402  0.95449646121163489  0.95704192519744691  0.95961628065377647
  0.96224069964695569  0.96491159605571608  0.96762778460273158  0.97035473745127843
  0.97311051808913462  0.97593143279535477  0.97887202743300683  0.98200412083142430
  0.98539841789454607  0.98915548438474932  0.99377977183242838  1.00000000000000000
 -0.02813824384627395  0.15136229687474079  0.20621893829010515  0.23870008290362058
  0.26218191236584559  0.28185739152388056  0.29994207669837930  0.31678827871288845
  0.33198312905683763  0.34597588543956731  0.35929450687022912  0.37188067199842367
  0.38370732556457671  0.39506082787056485  0.40584937154302919  0.41646144235459881
  0.42686597307972268  0.43695929775366232  0.44653875586793090  0.45572164373350205
  0.46429888452188778  0.47254993800510253  0.48067963497857419  0.48865057889358432
  0.49657031120508832  0.50439024503737562  0.51229010777127881  0.52004249918129331
  0.52755343238490238  0.53478065621271920  0.54189964836523663  0.54888371660174962
  0.55584601881163120  0.56266937170400488  0.56919264915676371  0.57561374518322095
  0.58202646679399350  0.58816309299988889  0.59431272378744071  0.60037226754402861
  0.60659037682045391  0.61255563564804649  0.61850496713589143  0.62444162300394312
  0.63049655202862487  0.63649505453394128  0.64244599128270719  0.64829101595685135
  0.65409477397811033  0.65989451927712550  0.66567022584936686  0.67134852050726501
  0.67690912356009225  0.68245121632455819  0.68774469509084935  0.69280420443195034
  0.69769490764767639  0.70260704734038637  0.70755284172732491  0.71226246584043340
  0.71692980133650142  0.72154684955099035  0.72620395774434676  0.73096720949097083
  0.73584612325809362  0.74076222830818561  0.74559004740165091  0.75044392275129135
  0.75534383987163201  0.76027080061642882  0.76512298809742807  0.77004590060764821
  0.77509577824249176  0.78027111115178249  0.78557957785704446  0.79096868970036405
  0.79639407608218016  0.80179008313184863  0.80707762837187047  0.81260298946208009
  0.81814658353111991  0.82382659605858111  0.82949618611957765  0.83522332743522065
  0.84105161008906892  0.84709668827443263  0.85345689780992606  0.86016189587230218
  0.86722041725813848  0.87484410638499244  0.88331086777444723  0.89279761990111672
  0.90386425062479570  0.91795861747677843  0.94119352366000175  1.00000000000000000
   1.2451242205865714E-020  -1.0000000000000000     
 T T T T T T T T T T T T T T T T T T T T T T T T T T T T T T T T F F F F F F F F F F F F F F F F F F F F F F F F F F F F F F F F F F F F F F F F F F F F F F F F F F F F F F F F F F F F F F F F T T T T T T T T T T T T T T T T T T T T T T T T T T T T T T T T T T T T T T T T T T T T T T T T T T T T T T T T T T T T T T T T F F F F F F F F F F F F F F F F F F F F F F F F F F F F F F F F F F F F F F F F F F F F F F F F F F F F F F F F F F F F F F F F T T T T T T T T T T T T T T T T T T T T T T T T T T T T T T T T
  <DiscreteSampler_grid>
  grouped_processes
  1 # 1 for a reference and 2 for a running grid.
  10 # Attribute 'min_bin_probing_points' of the grid.
  1 # Attribute 'grid_mode' of the grid. 1=='default',2=='initialization'
  0.0000000000000000 # Attribute 'small_contrib_threshold' of the grid.
  0.5000000000000000 # Attribute 'damping_power' of the grid.
 # binID   n_entries weight   weight_sqr   abs_weight
    13   10   7.839890223521150E+000   1.390126794445608E+002   7.839890223521150E+000
    14   10   7.839890223521776E+000   1.390126794445859E+002   7.839890223521776E+000
    16   10   2.208827647268118E+000   1.103463896758353E+001   2.208827647268118E+000
    17   10   2.208827647268293E+000   1.103463896758550E+001   2.208827647268293E+000
  </DiscreteSampler_grid>
