 -0.00000000000298179  0.00000000009136402  0.00000000036632658  0.00000000073895710
  0.00000000118973188  0.00000000168482515  0.00000000225064682  0.00000000287807824
  0.00000000354070292  0.00000000424225063  0.00000000498210432  0.00000000574608169
  0.00000000654719460  0.00000000732542628  0.00000000813539744  0.00000000898637042
  0.00000000983860620  0.00000001069096117  0.00000001155976330  0.00000001247376598
  0.00000001341310676  0.00000001432371083  0.00000001523096381  0.00000001612843949
  0.00000001703648185  0.00000001802886491  0.00000001904468468  0.00000002010050562
  0.00000002114809620  0.00000002219389738  0.00000002324081083  0.00000002429760072
  0.00000002537491966  0.00000002657438107  0.00000002778867101  0.00000002898785283
  0.00000003018693777  0.00000003140198991  0.00000003265173338  0.00000003390648738
  0.00000003515716385  0.00000003644221875  0.00000003778209928  0.00000003917481318
  0.00000004058010259  0.00000004198369196  0.00000004339086020  0.00000004478984678
  0.00000004620905379  0.00000004767132434  0.00000004917561804  0.00000005068629654
  0.00000005213958206  0.00000005362477218  0.00000005523673315  0.00000005695192512
  0.00000005868540996  0.00000006041289875  0.00000006218223358  0.00000006395864240
  0.00000006572833040  0.00000006750825468  0.00000006929818279  0.00000007109759803
  0.00000007297141388  0.00000007489020054  0.00000007686804492  0.00000007898690595
  0.00000008128309523  0.00000008367959012  0.00000008606821005  0.00000008844692899
  0.00000009087575627  0.00000009329914098  0.00000009577027302  0.00000009835126564
  0.00000010102611351  0.00000010378594224  0.00000010662636341  0.00000010953274917
  0.00000011248199229  0.00000011572190617  0.00000011952839124  0.00000012373021185
  0.00000012782597833  0.00000013215266736  0.00000013679373568  0.00000014167533029
  0.00000014689181256  0.00000015260356754  0.00000015907454888  0.00000016694672787
  0.00000017858291788  0.00000019893391272  0.00000021578778946  1.00000000000000000
  0.00929446283832887  0.01667571467678170  0.02632055826275244  0.03727212054003531
  0.04798440551274822  0.05824872491841936  0.06865826680882632  0.07945107040361862
  0.09021815780383859  0.10098707543671027  0.11144115673959387  0.12188117931296413
  0.13175396314394031  0.14150332426122830  0.15116045174826481  0.16074996400410788
  0.17053386788559741  0.18012390846698279  0.18971159324329170  0.19954487120057976
  0.20964765104948810  0.21998934391296590  0.23049186679880446  0.24128434092537102
  0.25241215765325076  0.26370457076701481  0.27492382010693067  0.28588776296303720
  0.29634367242389165  0.30631950219929444  0.31640336638581462  0.32680251942400479
  0.33726125464514450  0.34775736709156990  0.35849502303876557  0.36948056284381892
  0.38027036684582405  0.39074038437619824  0.40155622665251622  0.41269092975893457
  0.42369451444213191  0.43433035328944503  0.44526836849780316  0.45639490101308100
  0.46733254474395486  0.47812054251307418  0.48906385531437790  0.50022931648105717
  0.51079214102680204  0.52115591668428263  0.53108315139267159  0.54107116486296902
  0.55155473413350042  0.56215358352739375  0.57290896442710459  0.58352214892806076
  0.59462496444799651  0.60587494782929996  0.61615909673663105  0.62668356867931041
  0.63649810431856602  0.64645159440838429  0.65674575942319391  0.66719909922193965
  0.67734655205890548  0.68761221996089350  0.69792004498686533  0.70837119481237831
  0.71846551969546257  0.72845537119344084  0.73851497240613984  0.74866879850322465
  0.75904674162148200  0.76930579365669938  0.77924784645840928  0.78908711801165088
  0.79927733202496554  0.81009279993949301  0.82139624549891233  0.83289986242732394
  0.84411142398112504  0.85480455426213897  0.86523401345900708  0.87547714526996190
  0.88567302005831505  0.89591054533661096  0.90645496590463137  0.91749159081105702
  0.92898468985979343  0.94050598341831437  0.95032573850161872  0.96063989229868174
  0.97123497520549995  0.98209049327270104  0.99130453416753017  1.00000000000000000
  0.00968061598499081  0.01588697485968971  0.02513902554110206  0.03463253332515533
  0.04423000578184804  0.05382378718426222  0.06356692714727057  0.07373097855586733
  0.08387589830109984  0.09364785790159970  0.10334858959421149  0.11337143535417803
  0.12357854045397827  0.13373404481405540  0.14401029898428575  0.15546226906135918
  0.16769535617178974  0.17949882157371894  0.19094027869900851  0.20167219079028897
  0.21286228889632505  0.22440678394263244  0.23553036684824150  0.24559396008980872
  0.25534683249313578  0.26585434127556878  0.27645580190600749  0.28696440645897786
  0.29746848711551332  0.30804300103258064  0.31830762060180706  0.32847212910184631
  0.33939846022889530  0.35111492607998840  0.36290017073506364  0.37417397085395021
  0.38525517965883210  0.39592878800037867  0.40681879001530097  0.41720141476826678
  0.42692220771763928  0.43628356481856118  0.44593181559191086  0.45523904024224748
  0.46450885362463923  0.47401918512461122  0.48410171082895787  0.49470703286046763
  0.50492648398742868  0.51497937307307506  0.52482748113365463  0.53462371358394611
  0.54458562273817213  0.55487881551280394  0.56511239719229911  0.57533833367288512
  0.58601040256610715  0.59753824478343309  0.60904570830310756  0.62021733881618746
  0.63174197962105372  0.64377067528362042  0.65587534236167300  0.66766393516041223
  0.67941110314803177  0.69112821265556457  0.70220928976143460  0.71312775583013832
  0.72402006821975651  0.73492379148019282  0.74584546177089717  0.75633726211124697
  0.76660754861516367  0.77691973521226232  0.78740928566951851  0.79779848523295205
  0.80806573237418322  0.81788655188316883  0.82706789440295247  0.83652479799565382
  0.84673966167709991  0.85691152890352207  0.86633678560447758  0.87542361822793191
  0.88446261087242761  0.89392257045007728  0.90420975019430450  0.91460485731750540
  0.92448635536417190  0.93471041031642887  0.94518510098466957  0.95617785972940217
  0.96670015661513387  0.97728045935153374  0.98824458444514995  1.00000000000000000
 -0.00189318220563448  0.00847213440809236  0.01785369196364247  0.02846938143993594
  0.03912408503681746  0.05119145124100123  0.06334565513168945  0.07450650219376266
  0.08483031060742151  0.09496131891997703  0.10527217569352178  0.11541269019308523
  0.12500406641160372  0.13508246057228027  0.14548154484297549  0.15639030721072528
  0.16762924701652338  0.17865665820276500  0.18967549218952109  0.20035696748655094
  0.21101785550113450  0.22155490115201709  0.23202892437709083  0.24247713615981686
  0.25324292690925554  0.26437649006131869  0.27565865260734557  0.28694693999835758
  0.29835233606431916  0.30996717654460748  0.32164042017013639  0.33316860198162151
  0.34443084835908655  0.35536908529583644  0.36603651998090958  0.37661922087179983
  0.38720370156770462  0.39764483674462608  0.40795246479113634  0.41854492881278277
  0.42943169685462201  0.43978790016826069  0.44886881936094275  0.45794030928367602
  0.46748061839980121  0.47685006233414029  0.48555843616481487  0.49416534541025797
  0.50336514248454178  0.51287639763139214  0.52254621152949088  0.53241017023187098
  0.54287071497365058  0.55401298806931598  0.56498494770195173  0.57559720413434434
  0.58594426392441346  0.59602947638413406  0.60596939948388773  0.61606516069109962
  0.62612868654727138  0.63709467793709018  0.64815793614187889  0.65918431444145442
  0.67054657128662010  0.68224052466087848  0.69347275875843506  0.70376427336463621
  0.71434445425821247  0.72593242916425194  0.73710682712677489  0.74840270239826023
  0.75971528486053586  0.77103655359189505  0.78169000114984344  0.79241217772903272
  0.80365627027934439  0.81480127844896688  0.82562587040085333  0.83608943588743623
  0.84629792155601391  0.85643952483846419  0.86665505593980541  0.87740976444357655
  0.88814343540237162  0.89857569003176085  0.90857730861446795  0.91844441091091666
  0.92811581145045741  0.93795881361393152  0.94813186547996009  0.95828450616210081
  0.96868408612926293  0.97919396784181245  0.98965218364789109  1.00000000000000000
 -0.00239681873516307  0.00926516783915554  0.01984042113832281  0.02998813620708201
  0.04014068858427849  0.05037034642288558  0.06062587543001949  0.07097368282656656
  0.08066250940181874  0.09049491253955602  0.10040651023757143  0.11054112878540087
  0.12098473268978518  0.13217136114593142  0.14378381400892729  0.15520436936058080
  0.16610909791518128  0.17616976270675039  0.18591332589477425  0.19553742545103814
  0.20516669636440388  0.21532138758609401  0.22505395474421727  0.23547571143197060
  0.24611444019308987  0.25705712199920333  0.26806600035505723  0.27847615185526736
  0.28863689792901637  0.29854083183423452  0.30846523128999970  0.31890300888598189
  0.32965358138385625  0.34135333498571496  0.35339846887354781  0.36498563974708681
  0.37614319049202005  0.38693960062372118  0.39775472690122238  0.40860092953022165
  0.41945655699644668  0.43025455687576936  0.44072411965260622  0.45100688165996006
  0.46126084694522063  0.47150912895337843  0.48174013416114364  0.49208773908904463
  0.50284525046185713  0.51408279832926407  0.52496235294277516  0.53540869819245041
  0.54560720315251254  0.55588525728157645  0.56627955791448070  0.57708612360390010
  0.58856495521536667  0.60004500568981678  0.61152063571515669  0.62275721513138282
  0.63424823646037376  0.64560126147258123  0.65713873272429923  0.66844176009680978
  0.67955064390303133  0.69021680557909160  0.70052283466590604  0.71084513599670884
  0.72151793946274478  0.73275437860898651  0.74411745473863833  0.75426048898835540
  0.76357127511814515  0.77272249317650010  0.78197313881758046  0.79138551426874582
  0.80074497485301133  0.81045143072690817  0.82043725867749862  0.83090846697151333
  0.84101172003275859  0.85104353144235401  0.86098066799093398  0.87121734645581050
  0.88157264632762256  0.89211460640588003  0.90278228640561942  0.91361123436533853
  0.92441647793074877  0.93505577972584830  0.94520349458371489  0.95527402830197083
  0.96589968232949119  0.97721142140047434  0.98846623444726278  1.00000000000000000
 -0.00288947618381474  0.01029899026739170  0.02147657829374005  0.03229654255961166
  0.04314922746716386  0.05403969675430523  0.06483490376449765  0.07541398945465086
  0.08572162823865399  0.09595038561151774  0.10611279425984324  0.11657666514119974
  0.12700410111679211  0.13757107158953261  0.14815536912796254  0.15877311116523571
  0.16947884147848102  0.17977550637009079  0.18990551434425343  0.19973616113807713
  0.20957220166533069  0.22003096604582986  0.23132189728582930  0.24328607436062322
  0.25534174794116987  0.26705259026095901  0.27797189320467097  0.28851932665417857
  0.29919389178070005  0.30979683501495037  0.32027410632907100  0.33085583472617269
  0.34283329757604092  0.35583031574242152  0.36839884938655787  0.37992062240711422
  0.39051003748670582  0.40094214263672689  0.41097969466528728  0.42053681226584017
  0.42976647729640483  0.43978564206725851  0.45108698117097806  0.46229327248693436
  0.47313353410938092  0.48383713986040466  0.49401959312432081  0.50376903016487629
  0.51336045841269073  0.52327854215615610  0.53347797410197006  0.54339911310129008
  0.55310637272997332  0.56275909482210917  0.57270267939169628  0.58274590386033587
  0.59292569987369603  0.60308805316892167  0.61269403620893925  0.62229501214039240
  0.63199579969220709  0.64154512504533756  0.65105998807334431  0.66063265190397302
  0.67089347396775445  0.68094072480801560  0.69090760053252431  0.70077024824243783
  0.71145811024421801  0.72309319436865693  0.73459274522196127  0.74527481483674307
  0.75576475419157974  0.76621275648227027  0.77691270015172897  0.78798845571714471
  0.79900678766714772  0.81015610119406800  0.82050572166394187  0.83078897129341100
  0.84157167379381292  0.85219754707865736  0.86327012136662884  0.87448641287267925
  0.88607217503109226  0.89770658266899761  0.90926420416874265  0.92007238913292655
  0.93009388781658409  0.94024562875350126  0.95025823381601870  0.96028495011392512
  0.96977088929926447  0.97954353576290321  0.99002507480890367  1.00000000000000000
 -0.00256691880057474  0.00966935624018408  0.02049393792202708  0.03150898073426479
  0.04220382956748839  0.05252552674942510  0.06298721671182714  0.07347333238430202
  0.08376118656387571  0.09422828714657214  0.10510820919215944  0.11637504348342639
  0.12797356852031158  0.13943115868134387  0.15078271023248765  0.16159392435781533
  0.17220347518540549  0.18272879667384179  0.19325606830181608  0.20379721492509828
  0.21409597672755759  0.22434995020358553  0.23459824614688601  0.24481976169168815
  0.25443482111664295  0.26372591897895947  0.27293874479335184  0.28230965870615565
  0.29192149446080495  0.30079641767681464  0.30937999418402895  0.31844004808770116
  0.32837428774162913  0.33889131301931730  0.34942433625483432  0.35956691525321077
  0.36938321406959351  0.37945603439928888  0.39010269356823352  0.40114279588308355
  0.41189618052639276  0.42228361312982554  0.43258402676620566  0.44315361979257439
  0.45408646491547838  0.46508268760598226  0.47586472950507214  0.48635186693840204
  0.49623126863488809  0.50594844539582506  0.51598809615994989  0.52667677872947016
  0.53802753049099150  0.54956347512623849  0.56098751627233590  0.57226992403411991
  0.58347605132532943  0.59399151539807260  0.60425016862519587  0.61460406428364744
  0.62452328925474387  0.63385899185633543  0.64348766356508791  0.65369876493441248
  0.66438452139430260  0.67546163676889404  0.68669324465336501  0.69748600968902175
  0.70789261158781314  0.71816153710800434  0.72826702087075390  0.73845427586689782
  0.74890857765948493  0.76011707878422918  0.77196826652146966  0.78346651749527185
  0.79467110828142118  0.80581929522181139  0.81673813897337300  0.82708752891325199
  0.83723679819976848  0.84730393947060123  0.85730570983403709  0.86689233259582699
  0.87661278032351164  0.88716492487355825  0.89835374788989431  0.90976964752957690
  0.92145438288638748  0.93372487200967491  0.94529187317950203  0.95613945333480632
  0.96692258509405138  0.97809355738359538  0.98885641370647204  1.00000000000000000
 -0.00241405460980865  0.00949079894393428  0.01929067606309201  0.02935437521354878
  0.03898046046625768  0.04860750264159005  0.05828824090557404  0.06824615718685971
  0.07858876844665118  0.08916559700193659  0.09969151586265101  0.11030696846042490
  0.12091925512007413  0.13134144731810637  0.14185407631289246  0.15271390040479615
  0.16378850648993415  0.17477030996589168  0.18523968226938303  0.19549756017971304
  0.20561659799309406  0.21590584646287991  0.22619531177005894  0.23662551631931017
  0.24713479323448986  0.25757913683826567  0.26810611510761689  0.27889437266358552
  0.28998695748912234  0.30110940813090264  0.31164740169924915  0.32160825195666254
  0.33153739438394797  0.34199067510930059  0.35289325567276153  0.36365092157383055
  0.37422427594252139  0.38510073124287514  0.39627107309792459  0.40745076933266239
  0.41854361981160915  0.42972804383099283  0.44109530147309006  0.45238320635360663
  0.46338474210821495  0.47370708899879543  0.48449326945896493  0.49548897096903216
  0.50646900284829810  0.51731149661882492  0.52885607155284264  0.54038817859736687
  0.55164113316545238  0.56250729816624523  0.57223004621237572  0.58154737050972927
  0.59092276751270822  0.60086706848974636  0.61054149177993355  0.61978170034132440
  0.62919948306285278  0.63908311054684108  0.64904337690058378  0.65896240205003254
  0.66940224275983395  0.68053196004317107  0.69212964774262742  0.70393397120695889
  0.71558540289530359  0.72696687623837919  0.73780941082349261  0.74844440083374675
  0.75939083071998081  0.77034292254074754  0.78122252616169019  0.79193092281187716
  0.80214828704374552  0.81221448936722040  0.82222982854652094  0.83211021980972666
  0.84201199078465128  0.85182984900622283  0.86202589017816633  0.87247521414834794
  0.88325943568997844  0.89424876993165714  0.90553275716387438  0.91651341829064226
  0.92682361375160938  0.93681611493521899  0.94724181553211906  0.95778775801362803
  0.96837083073001962  0.97821057020209390  0.98924152632481444  1.00000000000000000
 -0.00276382487452410  0.01052271491934515  0.02181868527913278  0.03230292351486086
  0.04256147467192147  0.05214020065326268  0.06204081250389186  0.07211386431346398
  0.08225919864271126  0.09211992828954058  0.10215760996976149  0.11179663374942932
  0.12156384505710520  0.13164226296668727  0.14197591117701933  0.15199056057636234
  0.16160222198478219  0.17119589163275378  0.18044120060575852  0.18959422390094238
  0.19856554478498847  0.20779096130721245  0.21803858350921271  0.22891078284061292
  0.24006941502224233  0.25117987996674529  0.26228183113660053  0.27331285544638850
  0.28431075221328617  0.29578654296140933  0.30726310297372156  0.31870875928260017
  0.33000116600056634  0.34104191139787293  0.35185897685543244  0.36226962122430989
  0.37264174331997474  0.38339721013242067  0.39445764372101633  0.40528629325009591
  0.41555505705010837  0.42531106537632096  0.43477137780185027  0.44411562250351599
  0.45355571832256281  0.46328425981623267  0.47313991322913251  0.48311794798059610
  0.49304546282020700  0.50340886382995464  0.51437863368057257  0.52526761521712750
  0.53596762787152608  0.54674256761558582  0.55758337976045624  0.56818673631921246
  0.57886239708586262  0.58985297529977110  0.60071248169131020  0.61128098640183426
  0.62183812003695504  0.63271775512552575  0.64365902972616496  0.65448600941185076
  0.66547177418896974  0.67644085828397604  0.68713141320735538  0.69746728731865093
  0.70758336918728226  0.71788351747516410  0.72824542551252047  0.73882101874227424
  0.74967919012624162  0.76055577511972339  0.77149373028898516  0.78248979915139838
  0.79338182043366667  0.80410203629332244  0.81473956988708141  0.82584648533026050
  0.83739291170563224  0.84873258616873393  0.86007767614293740  0.87148548086668798
  0.88232759570429731  0.89297211823038003  0.90306124216286454  0.91308682269581243
  0.92358436587892401  0.93431079842124154  0.94523731188728199  0.95617414198441608
  0.96744146387374141  0.97880661446779449  0.98955768400218436  1.00000000000000000
 -0.02267980446948730  0.21072185046442368  0.28507243955030642  0.32819428190095645
  0.36103284421555293  0.38777789930631235  0.40994194937736778  0.42967050935188233
  0.44755560047696807  0.46340746765941826  0.47814057469219678  0.49191810523463436
  0.50455937253087946  0.51592695250724063  0.52714130146461735  0.53837553050011688
  0.54896919095673380  0.55898879021667469  0.56883751329325638  0.57857074900937810
  0.58787235047374176  0.59678773386904582  0.60536450131712849  0.61371700701735810
  0.62180026417473988  0.62945190202171686  0.63673363093445601  0.64393449514996481
  0.65113188449484127  0.65821773849123177  0.66508327572942805  0.67172565795343753
  0.67829266726973070  0.68469236887185547  0.69067261152377823  0.69638049684132275
  0.70196635917850636  0.70749011324525468  0.71293723511155926  0.71833898555669407
  0.72381899918011183  0.72933608172285291  0.73474338956332708  0.73983386340310109
  0.74461782175031088  0.74925724208234656  0.75418278397255956  0.75925193150563808
  0.76432328657463844  0.76930002303296852  0.77434878957598952  0.77939047950880014
  0.78433029056939341  0.78919305882631519  0.79394188459242676  0.79853308860251337
  0.80292965627591018  0.80722513074233138  0.81155876602471977  0.81583256683908356
  0.82013168811203330  0.82452150158661219  0.82893810699773751  0.83336206722399697
  0.83769124658313354  0.84199332624247269  0.84630234320480224  0.85065915643173196
  0.85521233341069569  0.85984248120624707  0.86453732272025829  0.86933662740795126
  0.87418003517664122  0.87893397568070142  0.88399804177977581  0.88898197091250797
  0.89380555702478326  0.89838039281938831  0.90258742230617284  0.90657082255997112
  0.91068920980021917  0.91484531328078122  0.91917745781572446  0.92340755943711195
  0.92777848935351903  0.93221357118554204  0.93676217523781780  0.94137446758098653
  0.94597880019151614  0.95066104197998313  0.95564481702827797  0.96135191375980455
  0.96821621784854639  0.97592814231076941  0.98571761354201370  1.00000000000000000
 -0.00249633857370676  0.00937599132305024  0.01954143945770415  0.03006044518633742
  0.04080565032719162  0.05120971530288132  0.06169154156193265  0.07334598510918194
  0.08503690483911426  0.09578776099603115  0.10687920611325312  0.11737413616893121
  0.12744204329979153  0.13716410619009900  0.14726867717994280  0.15805202429825099
  0.16881213806799450  0.17921134864763016  0.18966572435355025  0.19976694797809244
  0.20944521505630578  0.21913139914195981  0.22918781049682427  0.23996574143131191
  0.25122138790983933  0.26335287068866176  0.27552494063477978  0.28759193929456478
  0.29920717293777155  0.31043120080048053  0.32091634834770533  0.33089119109416687
  0.34076163628887474  0.35081125143065361  0.36090463305786424  0.37068757436992028
  0.38035679969601693  0.39036837171441391  0.40056660627901941  0.41064209686444192
  0.42081930638012616  0.43186630512697899  0.44339135464127472  0.45518047275663642
  0.46722463800793218  0.47900951108810558  0.49038363410135799  0.50066073270812494
  0.51031908279809834  0.51980568075410127  0.52983567032485834  0.54060787581862024
  0.55227169133164744  0.56421064826353950  0.57619469682796820  0.58740795379163213
  0.59782811469178843  0.60771850845720554  0.61749543876933377  0.62756572919348697
  0.63824469737254808  0.64860370662741984  0.65892197538183350  0.66936893107883255
  0.68055402899681172  0.69162993376812754  0.70211810688162501  0.71241820945314771
  0.72278597472467376  0.73302895493825337  0.74262414285270462  0.75247903438494357
  0.76236501104169097  0.77253176268650170  0.78289127668245528  0.79309668195256722
  0.80341833484288661  0.81375439382160053  0.82416702003655784  0.83494562755061130
  0.84553677058714360  0.85551127385673031  0.86504818438427056  0.87456606561669503
  0.88401300920206083  0.89325125704036790  0.90291646220245514  0.91288776929620441
  0.92409329099804149  0.93529972131915773  0.94609877889125149  0.95719881699273435
  0.96787476906894265  0.97872802731483988  0.98914531181842436  1.00000000000000000
  0.69866427678928456  0.70261822938486396  0.70539777123588987  0.70851952813688257
  0.71192903319473944  0.71528726125950270  0.71845329763475485  0.72145773518432232
  0.72440881400514445  0.72733968396021020  0.73030458765012174  0.73323809971019804
  0.73615186627250817  0.73899569555907418  0.74179118111847875  0.74450609644323185
  0.74722581467203875  0.74996430747696274  0.75267151948446909  0.75538869388200469
  0.75806677137048906  0.76067342423389461  0.76317962265123562  0.76555278758435363
  0.76786871080423613  0.77020839246612360  0.77268833895263644  0.77522790586122459
  0.77774666231397382  0.78025339593673348  0.78277939159568821  0.78533185254099180
  0.78790456183991886  0.79044529475135850  0.79286348726261635  0.79521071590723635
  0.79754157953880866  0.79987739867629848  0.80219135405865005  0.80448342932896688
  0.80676463125843556  0.80912907472925533  0.81155745374832111  0.81405992641288616
  0.81655301870182817  0.81903189200514359  0.82157830733711990  0.82414986676180368
  0.82673368043997664  0.82929748741289078  0.83187360301193625  0.83445720443042126
  0.83698575869837633  0.83946290770091070  0.84188073571497168  0.84429821403755390
  0.84670342562533807  0.84917082463877369  0.85169656204005739  0.85424648599545683
  0.85690819742399471  0.85951571229100954  0.86203633985113570  0.86453547552765198
  0.86709165261964671  0.86968435629199758  0.87231184172968756  0.87490455307365933
  0.87755259539294916  0.88020739257359171  0.88294153381928075  0.88574463285886484
  0.88856967192793379  0.89138367437220278  0.89420941712902013  0.89711840940728516
  0.90012888508584499  0.90328044394606088  0.90653937172844834  0.90988079285141399
  0.91335110318356583  0.91678050775870612  0.92018177807336610  0.92360604294292847
  0.92713936350486970  0.93086202988747335  0.93469388670009190  0.93872402199213389
  0.94301954178234271  0.94764335690237089  0.95263295879824039  0.95823639230412239
  0.96473917287781874  0.97212872583667387  0.98231933472793909  1.00000000000000000
 -0.01857446216706387  0.09178003969458462  0.13278507553274241  0.15748274899715797
  0.17727729983550175  0.19433020263796288  0.20902836096215591  0.22319013432346702
  0.23707505477778407  0.25024314656879837  0.26220503277988183  0.27310941305686254
  0.28314636308505425  0.29256751489233035  0.30152440379918405  0.30999653918415154
  0.31852678237340454  0.32692916071629058  0.33463648084764447  0.34181094369078441
  0.34881276714209791  0.35564548743364721  0.36222541721729035  0.36851715350930275
  0.37460804200385667  0.38068263881082931  0.38681129448509205  0.39296048350659424
  0.39884148236243699  0.40429838300858256  0.40953199594451928  0.41467214998816526
  0.41981886446297700  0.42498397817767586  0.43012051463139167  0.43525999169960622
  0.44035914139255250  0.44539374517757641  0.45050312334916121  0.45563499842059219
  0.46091025695396337  0.46625080811008546  0.47144227811788153  0.47645408029764663
  0.48139918762902772  0.48650325843597969  0.49150220791793819  0.49646014623889256
  0.50138005145060305  0.50629247081063877  0.51117194769905350  0.51595626471955658
  0.52067483527335268  0.52537890928338271  0.53010319863147670  0.53491111254007540
  0.53981735806837849  0.54521886083700999  0.55070649208660116  0.55603774882881540
  0.56150364462107649  0.56714011438691792  0.57287445717566998  0.57860966652172785
  0.58429634742521552  0.58998561893648260  0.59562478727491053  0.60135263700931141
  0.60716821908258234  0.61298056224927289  0.61880943950193990  0.62456638920105101
  0.62995111334451670  0.63540522883377071  0.64110702440067047  0.64722693081745541
  0.65362807910564691  0.66016433551626563  0.66667977961309566  0.67337445533361395
  0.68032160024540933  0.68738446534793030  0.69457193493605662  0.70207396390670851
  0.71022132185695186  0.71883312492762463  0.72778290782106292  0.73736477979246984
  0.74733505971131853  0.75955303710876032  0.77370377625796039  0.78956824682385907
  0.80846457311237663  0.83244380005917129  0.87011813446867026  1.00000000000000000
   2.4636232136494837E-015  -1.0000000000000000     
 T T F F F F T T T T F F F F T T T T T T T T T T T T T T T T T T T T T T T T T T T T T T T T T T T T F T F T T T T T F F F F T T T T F F F F T T T T F F F F T T T T T T T T T T T T T T T T T T T T T T T T T T T T T T T T T T T T F F F F T T T T T F F F T T T T F F F F T T T T F F F F T T T T T T T T T T T T T T T T T T T T T T T T T T T T T T T T T T T T F T F T T T T T F F F F T T T T F F F F T T T T F F F F T T T T T T T T T T T T T T T T T T T T T T T T T T T T T T T T T T T T F F F F T T T T T F F F T T
  <DiscreteSampler_grid>
  grouped_processes
  1 # 1 for a reference and 2 for a running grid.
  10 # Attribute 'min_bin_probing_points' of the grid.
  1 # Attribute 'grid_mode' of the grid. 1=='default',2=='initialization'
  0.0000000000000000 # Attribute 'small_contrib_threshold' of the grid.
  0.5000000000000000 # Attribute 'damping_power' of the grid.
 # binID   n_entries weight   weight_sqr   abs_weight
    13   10   1.092420753082506E+003   6.221431696457963E+006   1.092420753082506E+003
    14   10   1.092420753082519E+003   6.221431696458035E+006   1.092420753082519E+003
    16   10   1.092229872046965E+003   6.220944971612981E+006   1.092229872046965E+003
    17   10   1.092229872047087E+003   6.220944971613088E+006   1.092229872047087E+003
  </DiscreteSampler_grid>
