 -0.00000000000314192  0.00000000009184842  0.00000000037263443  0.00000000076665204
  0.00000000123713771  0.00000000178141071  0.00000000237190600  0.00000000300367889
  0.00000000366027541  0.00000000439107323  0.00000000513989022  0.00000000590557038
  0.00000000669107576  0.00000000748137141  0.00000000831352923  0.00000000919212861
  0.00000001006603345  0.00000001092671846  0.00000001183224370  0.00000001277626371
  0.00000001372004531  0.00000001465801618  0.00000001559536489  0.00000001650980199
  0.00000001751564993  0.00000001859762919  0.00000001969244428  0.00000002080420567
  0.00000002193557824  0.00000002307504632  0.00000002422460312  0.00000002540324878
  0.00000002662329123  0.00000002784890556  0.00000002905313410  0.00000003024753696
  0.00000003142785149  0.00000003261301872  0.00000003379622404  0.00000003498847857
  0.00000003621138601  0.00000003752103813  0.00000003891063451  0.00000004033878516
  0.00000004174466461  0.00000004312651425  0.00000004454411204  0.00000004597270766
  0.00000004741192901  0.00000004885580141  0.00000005030034373  0.00000005174931710
  0.00000005324383489  0.00000005482532737  0.00000005647796144  0.00000005820993611
  0.00000005996259881  0.00000006171511461  0.00000006346076360  0.00000006523051091
  0.00000006701375193  0.00000006881198867  0.00000007059424022  0.00000007237443078
  0.00000007416372216  0.00000007601078250  0.00000007791576210  0.00000007990526965
  0.00000008209374120  0.00000008443086688  0.00000008674407335  0.00000008906580306
  0.00000009146925845  0.00000009391734725  0.00000009647542694  0.00000009912934071
  0.00000010187114682  0.00000010466412406  0.00000010750891737  0.00000011045947405
  0.00000011349238191  0.00000011663692388  0.00000012018373134  0.00000012408943057
  0.00000012808668189  0.00000013228561014  0.00000013693523296  0.00000014189119439
  0.00000014723003750  0.00000015299930420  0.00000015942928710  0.00000016736252656
  0.00000017858463432  0.00000019638440553  0.00000021670482784  1.00000000000000000
  0.00910615340268162  0.01739937967678358  0.02823282021918986  0.03969741872034292
  0.05093328507811259  0.06220340829600869  0.07312044076673146  0.08387829297122386
  0.09338110299668831  0.10357743316047127  0.11432492607037080  0.12499062613144425
  0.13535113574390548  0.14574219059445820  0.15679645082333030  0.16840705005470080
  0.17842451076944907  0.18895489321244432  0.19937657212613941  0.20981130860369285
  0.21987441456747042  0.22958216683758131  0.24001045450036268  0.25036265571210098
  0.26209293498756053  0.27328067814016194  0.28432102588263847  0.29502408314840334
  0.30557144079000403  0.31610695522421267  0.32659448136329139  0.33745848362276465
  0.34809238776192780  0.35820815703754688  0.36787526822774314  0.37756843859253642
  0.38766727321440225  0.39785024485800841  0.40784842528936571  0.41768716074660261
  0.42793725301956481  0.43846612439849048  0.44895923331987186  0.45938027437681234
  0.46978744271741207  0.48007878291430001  0.48986484346304532  0.49963107327757184
  0.50939652685836867  0.51895507313051525  0.52841014645408457  0.53804101665689419
  0.54863379440793625  0.55991326547827547  0.57122537978989685  0.58240038704488906
  0.59370716387592315  0.60528987721992966  0.61611852518314636  0.62746650673595905
  0.63893965991826673  0.64999649224386480  0.66028144401828193  0.67070316871167734
  0.68129613253027177  0.69158492749951250  0.70128096527984107  0.71108898976766033
  0.72094513427135032  0.73082174116001974  0.74062940596951654  0.75063682888766958
  0.76094607854977525  0.77111565735198839  0.78137943485086814  0.79161172526922230
  0.80234277996399783  0.81314486043401357  0.82484283323693264  0.83588966040486146
  0.84713484515410531  0.85733654560478190  0.86749687544305221  0.87762943296541096
  0.88755036315670111  0.89735658406776708  0.90706407325651683  0.91675041261629342
  0.92669819235295603  0.93683764689579674  0.94712467365258390  0.95764314615567636
  0.96773609244353109  0.97785011714932180  0.98876333632296165  1.00000000000000000
  0.00943579627429801  0.01624627021959160  0.02603788224496054  0.03636040917613118
  0.04649820926703964  0.05663513824935868  0.06662687772528389  0.07628463789822185
  0.08589693274156626  0.09559196520479274  0.10550673946778751  0.11579929314437677
  0.12607324882581250  0.13597411324407041  0.14579997186519650  0.15576051824222423
  0.16577400711617926  0.17564567576199219  0.18547465859330162  0.19583778000182292
  0.20682742597389636  0.21805389224278710  0.22940392902409093  0.24092660155891446
  0.25247524264285504  0.26385002910916366  0.27489098019235653  0.28540918346821609
  0.29542701432849211  0.30464117019590270  0.31378349168073300  0.32317128606611123
  0.33288055639662206  0.34300403120000428  0.35287743277511219  0.36314205885674911
  0.37342858848722765  0.38346505880330389  0.39362561655642342  0.40404583370240199
  0.41477526744399507  0.42580357591778567  0.43680700131492628  0.44771614380586999
  0.45833428169373031  0.46853162544433657  0.47855579474089427  0.48853096482266628
  0.49845421777052251  0.50835878881912033  0.51826722273185866  0.52821178623088560
  0.53823548538495791  0.54819703755686022  0.55808521786446763  0.56833811121798672
  0.57847023611491089  0.58882206613096633  0.59887011777472721  0.60909804064654471
  0.61998123869027755  0.63051999456137298  0.64142697295217810  0.65203934581910850
  0.66314778111750916  0.67413356982682504  0.68516762363893280  0.69619567064888588
  0.70721153469840403  0.71804968997115559  0.72876513353772510  0.73942850000217164
  0.74997484933825287  0.76036794722451717  0.77069421194893528  0.78105885713906265
  0.79129214395347736  0.80133696347447803  0.81140481820462462  0.82172438327591002
  0.83229077908509108  0.84292695736999557  0.85365778644005141  0.86454739380360646
  0.87549852082112489  0.88637467529161085  0.89695910207520424  0.90722622653785123
  0.91755112953365792  0.92804793833231847  0.93850274311298820  0.94893036282554621
  0.95937965196345043  0.97045642415981748  0.98098291120915859  1.00000000000000000
  0.00003797794075398  0.00004001985282970  0.00004088714238385  0.00004216055304389
  0.00004346449891848  0.00004476614296248  0.00004604322596248  0.00004730642415360
  0.00004861248724217  0.00004996326364550  0.00005132594189598  0.00005267802037585
  0.00005403639805093  0.00005539463048225  0.00005679433397357  0.00005826266261735
  0.00005972227818485  0.00006117371039049  0.00006260839368753  0.00006404018090487
  0.00006552027197528  0.00006709687566775  0.00006874198310835  0.00007043107693374
  0.00007213440752400  0.00007387194081634  0.00007564961823252  0.00007744920495708
  0.00007928950082953  0.00008117847196151  0.00008310202854507  0.00008504986529975
  0.00008707164548197  0.00008928219494831  0.00009161077483947  0.00009398639980828
  0.00009640951163575  0.00009889597752468  0.00010147590130862  0.00010418691372317
  0.00010703145274118  0.00010993836226122  0.00011291789437379  0.00011597818239252
  0.00011920274541769  0.00012273182695495  0.00012640938079915  0.00013018178043643
  0.00013411047977440  0.00013822211357516  0.00014261404398910  0.00014726424886712
  0.00015202454551770  0.00015715472385232  0.00016250874054696  0.00016856477786988
  0.00017464636342788  0.00018084043263190  0.00018754790912140  0.00019537964101803
  0.00020371392838481  0.00021243331792858  0.00022154719405171  0.00023206229912598
  0.00024301602551514  0.00025489022703317  0.00026787993964935  0.00028172762794526
  0.00029690165089602  0.00031487693141125  0.00033374671877218  0.00035453254725354
  0.00037765284216202  0.00040410787541542  0.00043460658999024  0.00046781159012981
  0.00050500060895865  0.00054615775816061  0.00059142676307508  0.00063997287420076
  0.00069367992936216  0.00075465581083841  0.00082801851827366  0.00091376458689883
  0.00100483901044384  0.00111143494505844  0.00125535135749483  0.00143643380431100
  0.00165113374466486  0.00197149800875609  0.00247876597322659  0.00314017043048268
  0.00380043993496420  0.00455823281382496  0.13089692684719986  1.00000000000000000
 -0.00246971623257870  0.01009226156621909  0.01979292802097474  0.03034650192670792
  0.03984072473673479  0.05043460906122200  0.06108803651707362  0.07274180377285029
  0.08409265549210526  0.09513311753785779  0.10640843219764018  0.11747550217286439
  0.12901173837001992  0.13965071345005955  0.15023649003663736  0.16028912545769564
  0.17117507994156533  0.18232420243110681  0.19407448182003306  0.20544844995035341
  0.21625185346777745  0.22699401037813580  0.23738701021289813  0.24777009623723362
  0.25800225642636238  0.26805274084101571  0.27786402768015939  0.28760516485331322
  0.29771652715127539  0.30830226416720913  0.31880011663415975  0.32955657300643504
  0.34056762971704707  0.35137883995790098  0.36215942460846184  0.37307266176325982
  0.38329531252551258  0.39325115645260011  0.40336649618193782  0.41372250388260279
  0.42354611585491680  0.43325870152466395  0.44289443608874213  0.45250055892791324
  0.46199242668858664  0.47144667593583311  0.48141434727000620  0.49179433578228043
  0.50189094340823848  0.51170081938434386  0.52156589929390107  0.53162449500273490
  0.54203780689796166  0.55294604925650703  0.56407240189703589  0.57501576063292992
  0.58596577255859372  0.59687954386847586  0.60739212538342868  0.61769483420755444
  0.62823778588363144  0.63900822502439947  0.64969833122598608  0.66009233591215677
  0.67070043834873949  0.68144811774581759  0.69228069238755208  0.70319307962705180
  0.71410646261994781  0.72493415066552025  0.73527526800641452  0.74515025488693432
  0.75521762634971601  0.76546697902329142  0.77598287171145464  0.78642767518264534
  0.79696265265803157  0.80790133747747594  0.81870145828618179  0.82907381312067652
  0.83965515961420567  0.85018475387014325  0.86044920398919766  0.87059451895755946
  0.88144971328972543  0.89309187147354718  0.90427472846884549  0.91546965572273986
  0.92604379276929505  0.93657372391258742  0.94713398658472547  0.95784647861351513
  0.96854639329743786  0.97875088869265836  0.98956207162575727  1.00000000000000000
 -0.00238645267372284  0.00972425431249359  0.02023894391095834  0.03086187356495392
  0.04106224629565378  0.05073641817254712  0.06064462316352165  0.07064821043437655
  0.08119601039735032  0.09200680996032648  0.10275355384873737  0.11324328428486344
  0.12408747482875385  0.13544704594090190  0.14723437352702823  0.15888640759142034
  0.17047534177782439  0.18195859443597334  0.19344810394868389  0.20470093584073884
  0.21541434754381356  0.22551794953116319  0.23535519259408297  0.24517636705591150
  0.25533860965187533  0.26567309195198724  0.27622991347557657  0.28680437094634459
  0.29760726129164877  0.30851494573982013  0.31946332132285854  0.32992198203581879
  0.33985718938655113  0.34967437267874812  0.35979339296744683  0.36994763826325378
  0.37987625896901844  0.38954205489491606  0.39930325157273683  0.40905762167691490
  0.41902959158813541  0.42872233309005475  0.43904867310086521  0.44955986274754783
  0.46017964547775886  0.47078201198339492  0.48193381957618509  0.49340546065219754
  0.50442283677141608  0.51526868569647932  0.52626916356744768  0.53744783116649397
  0.54813846050087300  0.55872876244727554  0.56942979023443852  0.57993418436747834
  0.58972056532366246  0.59907578278703255  0.60905086389782193  0.61960515537485983
  0.63021891628156901  0.64107615772453086  0.65181532458619840  0.66287224902222663
  0.67399525752907263  0.68486524998283127  0.69558722432404030  0.70599909650751136
  0.71700949696345972  0.72823004108209266  0.73813235878726813  0.74831471942690653
  0.75854941071203241  0.76870686587315817  0.77869947185686550  0.78858988128830165
  0.79884125056718291  0.80908338944138014  0.81914551407213276  0.82949273739245499
  0.84009495299955772  0.85112305589550319  0.86144709437220635  0.87187924659690474
  0.88202532535316491  0.89220627588200674  0.90263905224059671  0.91345962640034695
  0.92465286793461188  0.93581946366111135  0.94672967143983100  0.95772832504619809
  0.96838489540612527  0.97881992478805790  0.98936554246457131  1.00000000000000000
 -0.00271166186348502  0.01005427907115490  0.02095574593573157  0.03137355241916592
  0.04183103695567816  0.05261874339055558  0.06302803473848506  0.07322970498515868
  0.08363904987873103  0.09440432848902960  0.10521008737612239  0.11549062276087720
  0.12572714476374891  0.13588763678903248  0.14634892671405789  0.15683085661961185
  0.16744276899739438  0.17792285967217383  0.18844774601001979  0.19940302715552707
  0.21024289502056723  0.22100356031177931  0.23139458974736801  0.24205045917445972
  0.25289683846615274  0.26402195833789932  0.27526400561556091  0.28643101921008796
  0.29694334109210774  0.30726955860213084  0.31760158921796378  0.32802208239659592
  0.33816616753995121  0.34822423687690646  0.35839427251590472  0.36875921150541768
  0.37889842232094340  0.38858597250320542  0.39818203593228624  0.40760311117052661
  0.41681682596695679  0.42655455742855997  0.43625418148125877  0.44735863057066833
  0.45847806125190621  0.46896621619275169  0.47933755518131832  0.48975172637893388
  0.50043820877016465  0.51095027244378788  0.52195630195286757  0.53277810589523644
  0.54358492837486316  0.55405227750818975  0.56523723178921026  0.57645183993453353
  0.58767754379564618  0.59941453697336611  0.61059176285180083  0.62184670838450051
  0.63302351650743327  0.64385085320783997  0.65429270111772353  0.66445338824126643
  0.67454626859212374  0.68472139644042807  0.69524196100126412  0.70544716728417833
  0.71672701662930660  0.72732953872942263  0.73892146406605497  0.75004703595880573
  0.76108887731270880  0.77182365483677529  0.78221368275913228  0.79262504012842083
  0.80294214616444604  0.81363842505820971  0.82449638104511924  0.83537594837904239
  0.84651091502313769  0.85749780813437793  0.86849396145485891  0.87893119574800871
  0.88938721557467904  0.89974079564620202  0.91005886070253239  0.92004383536196876
  0.92985507194031358  0.93988131188644042  0.94980396871308703  0.95994124557280691
  0.96995868975345079  0.97997865739511159  0.98988449957443903  1.00000000000000000
 -0.00236749921464610  0.00947691566893158  0.01992460502449871  0.03046819606139642
  0.04048672969567129  0.05013583686555121  0.06018929427845954  0.07037508211367415
  0.08054152720725417  0.09117320993058457  0.10201052482022643  0.11340946174529981
  0.12486640985692425  0.13636804433430896  0.14802709652993379  0.15885397814922370
  0.16997076558849891  0.18101815588446543  0.19149627871401972  0.20149842935241627
  0.21189778592868680  0.22283315512049431  0.23334858838145192  0.24368567800751070
  0.25451828857922526  0.26613598288707613  0.27770588662438561  0.28882077058186617
  0.29933437660090439  0.30971755806593787  0.32038943427085564  0.33143494906558868
  0.34241852946784046  0.35354056105561693  0.36479223453430271  0.37578284350389018
  0.38623560432524062  0.39640952698843790  0.40663740615250171  0.41678710028125276
  0.42697867701340125  0.43741149489302489  0.44821766340029490  0.45910855471260981
  0.46960961367489251  0.47994047172634718  0.49041667177602155  0.50081141365573667
  0.51078873884766307  0.52081777761716608  0.53097311122422075  0.54097336343839364
  0.55063554770556677  0.56028712219098509  0.57049118951980315  0.58117865400308644
  0.59168916308100894  0.60216158432030065  0.61272517842974517  0.62337463790836256
  0.63413898153567438  0.64512204365705383  0.65636930081316125  0.66763644274993439
  0.67871069429742292  0.68943551128650749  0.69980733621294311  0.70998685114512250
  0.72017471356691110  0.73065892547110478  0.74151181040388348  0.75282065390643471
  0.76415975205546816  0.77530669197097501  0.78605847567696341  0.79647443087359859
  0.80645061172863142  0.81642173966762943  0.82679102784658820  0.83697598226328251
  0.84692774516319314  0.85691488728059273  0.86710644745582710  0.87712070178263668
  0.88674525980110042  0.89632857336775995  0.90639974877223195  0.91666509575920752
  0.92706412750000844  0.93731406997423672  0.94733248614008236  0.95773550502976268
  0.96829248267611967  0.97885423063149735  0.98897671838391721  1.00000000000000000
 -0.00216179429589811  0.00833204724380085  0.01806795623100046  0.02832712548795523
  0.03875424903552378  0.04891361461713313  0.05880251317597091  0.06918342181979728
  0.07972327687033753  0.09007210366523273  0.10029894217388963  0.11021354341112782
  0.12003715563652674  0.12960363541934744  0.13896615450171640  0.14824542680609917
  0.15787418967171254  0.16770742334739244  0.17807164967962394  0.18851628645669155
  0.19876858203331077  0.20881054225120699  0.21872262036094275  0.22895690957496112
  0.23952913457614231  0.24998854209120649  0.26056753846065445  0.27078624868070783
  0.28113521835586297  0.29157601723339399  0.30303478096387548  0.31442624249772355
  0.32580071625781432  0.33723537926728614  0.34901027580221311  0.35997846792093519
  0.37068342287888240  0.38183239616801251  0.39317147586588763  0.40457419668740191
  0.41584011039571334  0.42755007325793781  0.43894066492178391  0.44981599552989365
  0.46089416932241045  0.47218833917605718  0.48324991395168870  0.49440834336409778
  0.50594469110003049  0.51829123094733576  0.53077870892756429  0.54269640513227291
  0.55383478391381580  0.56489752607550536  0.57618314648713542  0.58731749992738058
  0.59822477491988668  0.60906973495030359  0.61982626543855912  0.63024488002374890
  0.64053129570747280  0.65107662855732640  0.66183840834899110  0.67278688527898112
  0.68391746032297263  0.69516522683528403  0.70632224964297996  0.71729762348466597
  0.72819555363008415  0.73908522861671333  0.74981186862774207  0.76033164308317336
  0.77079977512033149  0.78113237478658137  0.79146163754299026  0.80208725431021655
  0.81294220078506629  0.82413502563158880  0.83509604314098962  0.84562003519521067
  0.85579193073167759  0.86561027136275304  0.87507694647435774  0.88430489607154861
  0.89355843549985359  0.90305503759948680  0.91268437744587549  0.92220091238020818
  0.93162265666456656  0.94132855325034914  0.95118879350615382  0.96079346402406529
  0.97041067915075296  0.97967150369814215  0.99002651677677245  1.00000000000000000
 -0.00236079297127275  0.00941951262353966  0.01992793279777134  0.03058003225215785
  0.04132086364738348  0.05186474884225979  0.06228317377403924  0.07273815602764262
  0.08317547992089952  0.09349636456308548  0.10376380051174336  0.11397483251291973
  0.12417039742348747  0.13463411002652637  0.14531865488081547  0.15613401740879382
  0.16717048485215705  0.17814390231351640  0.18893487585262789  0.19938361869725876
  0.20967454089309695  0.21993944705484988  0.23008125747314487  0.24006052820396409
  0.25007618753412175  0.26018307248205641  0.27037466001061583  0.28037612726408251
  0.29065806807180217  0.30088166272348205  0.31103964913565152  0.32114667211726566
  0.33105551134338540  0.34148735653459927  0.35201851508530968  0.36312740153663736
  0.37442708706729938  0.38556856174553039  0.39652460051708016  0.40745056893522552
  0.41860287127345658  0.42977408511197596  0.44105943423570837  0.45230044749962928
  0.46336516494224189  0.47415989489468119  0.48449491482701268  0.49451372624132961
  0.50484811864000678  0.51565680537261815  0.52644658578485282  0.53670373265431737
  0.54728628768631804  0.55764024851872074  0.56762157861121743  0.57738936116568462
  0.58787036643907697  0.59866448858918497  0.60945239840265131  0.61958771867805729
  0.63045995394805676  0.64171185696052113  0.65299781218594344  0.66458754977093293
  0.67581737438922052  0.68717788587209860  0.69818342668716626  0.70882005261510284
  0.71929695611457745  0.72983643837044276  0.74042710895806274  0.75103555346143447
  0.76175143428410141  0.77250579238073580  0.78331581993278998  0.79384599632725827
  0.80434407876017311  0.81465701184078465  0.82447909502174899  0.83424982260454250
  0.84423928602902409  0.85439940854560736  0.86460972843362816  0.87476082740168160
  0.88545256451966659  0.89637501887603155  0.90698072252124329  0.91759045043467580
  0.92839649640245225  0.93924092464990394  0.95028866126928235  0.96093755538332215
  0.97093184924517839  0.98084928806682958  0.99040896416344426  1.00000000000000000
 -0.00232982776374205  0.00974024685923869  0.02030671312185410  0.03043027368851089
  0.04008448391515773  0.05013609912769321  0.06029316842658613  0.07030890820198828
  0.08015450771646088  0.09046361003786507  0.10093545103753308  0.11138255298742317
  0.12212184622685837  0.13281495077038505  0.14331333357222245  0.15361261943963295
  0.16396599143406501  0.17429809613870118  0.18434624818652448  0.19486571259021246
  0.20573234675061133  0.21663632649635089  0.22745421515713482  0.23789033252106931
  0.24792071823119138  0.25804506743541394  0.26841493502547892  0.27937224532541055
  0.29038495427515820  0.30092767717661895  0.31119204071037943  0.32160594771304202
  0.33216234741217365  0.34205248051061182  0.35182739564975563  0.36221812392364378
  0.37293538069702298  0.38327420820566088  0.39333523061861381  0.40352976706310278
  0.41362904044564819  0.42379193116702396  0.43380829377901403  0.44408910641762067
  0.45442935241401144  0.46475211715905462  0.47493498711142856  0.48498908874457186
  0.49503308972702148  0.50521502920645212  0.51545133435421675  0.52588206071169552
  0.53663741525623787  0.54764314806947512  0.55874828095593887  0.56969407981693410
  0.58017812441306038  0.59044570958785414  0.60060876050147172  0.61086090304786611
  0.62128488991288977  0.63176977936808143  0.64202658434594184  0.65202307215621791
  0.66197095329652689  0.67234039180583083  0.68321479873051749  0.69453537946779409
  0.70586293065618466  0.71655166380774737  0.72660052133297848  0.73645408968351433
  0.74632189572265761  0.75652633056868224  0.76722384597548687  0.77809677133543831
  0.78893568493852695  0.79959104377006573  0.81014480690175594  0.82096290552525752
  0.83226647062579884  0.84446129625563426  0.85695081580467247  0.86823789514315886
  0.87954459266497942  0.89117791114966560  0.90235501041274346  0.91288607878131545
  0.92356299191082780  0.93436048266981597  0.94514156542163874  0.95556162223954721
  0.96654968657836127  0.97729391684781630  0.98850775216842957  1.00000000000000000
  0.69929072127429293  0.70135926747559940  0.70323782899223020  0.70511357263746888
  0.70699536992139433  0.70894622450507860  0.71123971342428527  0.71357498984750634
  0.71597808488652648  0.71835385330937418  0.72072484473810150  0.72308157116458938
  0.72550224538340236  0.72792745472339648  0.73049721506430898  0.73315422244542161
  0.73585387338076502  0.73855051128029581  0.74117739915927949  0.74380863738763214
  0.74642185152846585  0.74909967960558199  0.75178200868845713  0.75446374953044471
  0.75717479420179734  0.75988295193855937  0.76257443906087130  0.76517925206806170
  0.76774659107182586  0.77030986973347126  0.77299601422918185  0.77575514443088667
  0.77848868335634103  0.78116963939191753  0.78382550601558831  0.78647032122300231
  0.78914062586850420  0.79182767327820625  0.79456995650604945  0.79739310771218186
  0.80018344390223017  0.80291406081006600  0.80565170108341433  0.80846957704481504
  0.81138129950939863  0.81431309756331338  0.81724777328808618  0.82021158292824081
  0.82320120307543210  0.82616731661579446  0.82912790143009762  0.83209721604258557
  0.83510254689571972  0.83812736704922319  0.84110592418766117  0.84402975097516264
  0.84707972250733421  0.85012213724427932  0.85327503257273452  0.85634097726592739
  0.85931178906727657  0.86229612495412866  0.86534401799713734  0.86839973023645189
  0.87150253267333244  0.87462128610576073  0.87775662793289233  0.88088367098736797
  0.88395253952966990  0.88696673469786380  0.89001406115731563  0.89309022448634512
  0.89626563366921652  0.89954739713309029  0.90284363170835080  0.90613940478878308
  0.90943415250649962  0.91270768137022673  0.91598616601395022  0.91938934972978081
  0.92292740635585258  0.92657005702376560  0.93024652796741292  0.93393654256202663
  0.93776030166561153  0.94183675078111939  0.94607054370806443  0.95031067207357800
  0.95452862255878779  0.95900874740124764  0.96392548133820022  0.96911949393684960
  0.97462235761362614  0.98089557185646903  0.98905925392171712  1.00000000000000000
 -0.02252655724162425  0.13006059028165060  0.19366123691179854  0.22606649557856762
  0.25045609615648456  0.27107964618292846  0.28812475246763886  0.30318173660002068
  0.31700455228192459  0.32987706060137079  0.34230251594802913  0.35445538246153735
  0.36605583071364223  0.37707245186218169  0.38775613051469371  0.39812562721794059
  0.40811061358284673  0.41784473883635587  0.42733620008874212  0.43644049791224837
  0.44502666227792576  0.45317468722533610  0.46139824548265640  0.46942503441795580
  0.47716511883304535  0.48473119875868548  0.49208784463518684  0.49930335015027866
  0.50656983499870845  0.51385997635844660  0.52133955035186630  0.52875304641836196
  0.53609531898130514  0.54311000110069041  0.54991727569510029  0.55655538922233960
  0.56321223455848035  0.56980747732607528  0.57632183836895312  0.58275846628008099
  0.58904355692419474  0.59525613393551680  0.60138640811449728  0.60740279836149913
  0.61325633662527923  0.61908313204363030  0.62493090984497435  0.63071084707082670
  0.63648578782198106  0.64227562372579361  0.64795333373561992  0.65356576918733988
  0.65907246631453398  0.66452372915021496  0.66972294281884936  0.67494411603857229
  0.68020772109555294  0.68541833582200962  0.69055236995618008  0.69555352663520253
  0.70051035344891843  0.70536544558016745  0.71024803578380802  0.71525964036872214
  0.72031420983813232  0.72531563856764192  0.73030491424432720  0.73535181019375950
  0.74037274757420435  0.74537366690036666  0.75027067038694095  0.75507748352947479
  0.75990204063184208  0.76473153479982969  0.76956017672630939  0.77450512327861210
  0.77959105578263221  0.78482785043363668  0.79017082501780345  0.79561772842997580
  0.80127897982347729  0.80699271891719870  0.81302006013396599  0.81950502066331654
  0.82614992061747461  0.83301957260728177  0.84037730155670709  0.84808442831206332
  0.85612745242171384  0.86475147189484980  0.87405232718961623  0.88442987872305046
  0.89650987639993007  0.91171571337107726  0.93605055226730394  1.00000000000000000
   7.2218859749726542E-014  -1.0000000000000000     
 T T T T T T T T T T T T T T T T T T T T T T T T T T T F T T T T F F F F F F F F F F F F F F F F F F F F F F F F F F F F F F F F F F F F F F F F F F F F F F F F F F F F F F F F F F F F F F F F T T T T T T T T T T T T T T T T T T T T T T T T T T T T T T T T T T T T T T T T T T T T T T T T T T T T T T T T T T T F T T T T F F F F F F F F F F F F F F F F F F F F F F F F F F F F F F F F F F F F F F F F F F F F F F F F F F F F F F F F F F F F F F F F T T T T T T T T T T T T T T T T T T T T T T T T T T T T T T T T
  <DiscreteSampler_grid>
  grouped_processes
  1 # 1 for a reference and 2 for a running grid.
  10 # Attribute 'min_bin_probing_points' of the grid.
  1 # Attribute 'grid_mode' of the grid. 1=='default',2=='initialization'
  0.0000000000000000 # Attribute 'small_contrib_threshold' of the grid.
  0.5000000000000000 # Attribute 'damping_power' of the grid.
 # binID   n_entries weight   weight_sqr   abs_weight
    13   10   2.854752873985524E+005   2.523731344467766E+011   2.854752873985524E+005
    14   10   2.854752873985450E+005   2.523731344467212E+011   2.854752873985450E+005
    16   10   3.609149743089685E+005   4.034061979715532E+011   3.609149743089685E+005
    17   10   3.609149743091465E+005   4.034061979717562E+011   3.609149743091465E+005
  </DiscreteSampler_grid>
