 -0.00000000000014127  0.00000000000307464  0.00000000001109438  0.00000000002178774
  0.00000000003491688  0.00000000004987061  0.00000000006606134  0.00000000008337669
  0.00000000010216968  0.00000000012147921  0.00000000014344187  0.00000000016514918
  0.00000000018734282  0.00000000021053227  0.00000000023390357  0.00000000025717933
  0.00000000028099607  0.00000000030549263  0.00000000033044937  0.00000000035575193
  0.00000000038160894  0.00000000040856481  0.00000000043671456  0.00000000046562776
  0.00000000049465062  0.00000000052349514  0.00000000055200393  0.00000000058148730
  0.00000000061291442  0.00000000064464538  0.00000000067597220  0.00000000070785399
  0.00000000073958869  0.00000000077198965  0.00000000080420373  0.00000000083833429
  0.00000000087432814  0.00000000091020789  0.00000000094662553  0.00000000098395047
  0.00000000102102220  0.00000000105857425  0.00000000109715240  0.00000000113566924
  0.00000000117353489  0.00000000121205589  0.00000000125228926  0.00000000129381850
  0.00000000133637047  0.00000000137908586  0.00000000142225758  0.00000000146543529
  0.00000000150856586  0.00000000155121583  0.00000000159367289  0.00000000163601733
  0.00000000167892656  0.00000000172292991  0.00000000176959580  0.00000000182123920
  0.00000000187493804  0.00000000192913156  0.00000000198342356  0.00000000203860471
  0.00000000209377603  0.00000000215040954  0.00000000220867663  0.00000000226791340
  0.00000000232736391  0.00000000238630423  0.00000000244464305  0.00000000250382583
  0.00000000256676455  0.00000000263553784  0.00000000270935234  0.00000000278576412
  0.00000000286489220  0.00000000294542813  0.00000000302743572  0.00000000311362728
  0.00000000320464748  0.00000000329888651  0.00000000339394379  0.00000000349080547
  0.00000000358916661  0.00000000369472459  0.00000000382155147  0.00000000397033391
  0.00000000413103884  0.00000000430265004  0.00000000449600331  0.00000000471995692
  0.00000000500096337  0.00000000550167897  0.00000000616969801  1.00000000000000000
  0.00961723406570264  0.01627915700953849  0.02629730906991870  0.03693978705587086
  0.04774532419261131  0.05864750004465972  0.06950405764262013  0.08029979366682471
  0.09144866712954405  0.10313812164308772  0.11404918077906855  0.12446389670448757
  0.13479882610118907  0.14517961330532564  0.15532154589404984  0.16531427923409939
  0.17578559673927538  0.18658223188284542  0.19753902281547073  0.20807574273631951
  0.21872823556340573  0.22906156346624540  0.23926137857385385  0.24962785545674362
  0.26069344808545325  0.27168651030233998  0.28267561938689317  0.29344697203005615
  0.30441904789068691  0.31522817790948965  0.32637764895090227  0.33662143779425530
  0.34635244204888094  0.35656506666093668  0.36735242695481679  0.37834178525404299
  0.38876808449750228  0.39949952023026730  0.41049517738557406  0.42162554006583486
  0.43294071107808324  0.44464484524889769  0.45654744292342708  0.46828624137788033
  0.47971920185486627  0.49090146353666841  0.50199439853495764  0.51333665703540632
  0.52468309998318774  0.53561998334493377  0.54629264098388952  0.55707248804924758
  0.56831597878808737  0.58000163067747135  0.59175506204987383  0.60309298150984325
  0.61392399755489813  0.62433961438924745  0.63445476544529422  0.64459504690624403
  0.65496649474040836  0.66539930420029225  0.67568900087296213  0.68588783690478827
  0.69611300637262075  0.70643238532576280  0.71689643863238028  0.72749360387437101
  0.73815427856701643  0.74892675603114922  0.75977659473441750  0.77056586952244543
  0.78079950595954972  0.79050829648982857  0.80014063097898569  0.80984383639029933
  0.81978706212656349  0.82967597668014925  0.83932588186751389  0.84890420588635873
  0.85839814685239180  0.86766338927896480  0.87686587176458486  0.88612539575729332
  0.89553233851744984  0.90526647823386830  0.91502329158282303  0.92486800513566869
  0.93473946352211634  0.94455954365887418  0.95458023806903658  0.96402262211539269
  0.97331242931882123  0.98321277316239697  0.99075419766185502  1.00000000000000000
  0.00938631848721527  0.01714801677385466  0.02764440284893788  0.03896173232612647
  0.04939750864638068  0.05972988574476160  0.06999123379444123  0.08011101568794914
  0.09029535317916150  0.10074510365415848  0.11164124686014693  0.12299457687051807
  0.13372147019613526  0.14448360419540068  0.15528527501214562  0.16583742319086700
  0.17611451323569008  0.18661945047097900  0.19665152166243849  0.20678586402213056
  0.21647433685846326  0.22645834279870827  0.23645077058710423  0.24676539911383952
  0.25742572561292054  0.26860955489870847  0.27947151641853002  0.29026719974912674
  0.30045304460453437  0.30999797195461087  0.31975642731731962  0.32979493798646964
  0.34013970138469130  0.35066989755317501  0.36152019231230587  0.37267640532916374
  0.38367781669016976  0.39426914962682502  0.40481341307217394  0.41527350485384806
  0.42591716815444614  0.43689605083500926  0.44800819837365069  0.45955270120507813
  0.47020631381526590  0.48076499228625547  0.49137498801637525  0.50188739915834768
  0.51223489320702331  0.52264662944843499  0.53313537826702340  0.54393378155385952
  0.55438535181755977  0.56498489652984540  0.57553224039695672  0.58616914126276554
  0.59688081703793927  0.60742723925791398  0.61790169597361300  0.62868651987701352
  0.64014494991636506  0.65179490006352658  0.66315993277315344  0.67416150016382903
  0.68506712950507997  0.69579223135400281  0.70633063075327140  0.71647414968557055
  0.72620486649114246  0.73552990986806288  0.74487957661647208  0.75458578152307143
  0.76443311430128125  0.77449070674957687  0.78461523407106792  0.79518525443935739
  0.80614224596211081  0.81673663397353957  0.82699629724435864  0.83729509292100657
  0.84770918911112680  0.85757963763446710  0.86683992719623082  0.87596803401639467
  0.88517321525340986  0.89462351578923816  0.90391772153023864  0.91334894853737303
  0.92340907189003840  0.93406363098182288  0.94462898632623760  0.95505172149064721
  0.96595875440728407  0.97739671283473395  0.98871109214813568  1.00000000000000000
 -0.00253592459028849  0.00935147004370271  0.02016820021178648  0.03072133147108656
  0.04095898279712890  0.05085450500566639  0.06082708362288603  0.07067249278363053
  0.08031166086421836  0.08965408645539703  0.09926353908345774  0.10964921162307381
  0.12026969595376587  0.13025289720342109  0.14003818044802735  0.15029371878877981
  0.16157229665280565  0.17276359127958285  0.18368629024055319  0.19497403575150279
  0.20664707213703548  0.21790352710903049  0.22884129959538113  0.23974134967857885
  0.25047075893521170  0.26139043524530220  0.27231319157759354  0.28284325703678692
  0.29289746253622750  0.30270636354762775  0.31282280999393380  0.32297360181322909
  0.33324620543216027  0.34417352184315264  0.35521489915196863  0.36560776369139020
  0.37562077176582243  0.38584743683024531  0.39620583309121793  0.40612957482681772
  0.41573878466714742  0.42593199129725268  0.43645018044391704  0.44730418718415538
  0.45798707173848502  0.46970957178533140  0.48218591405566458  0.49370087177482280
  0.50464348341161214  0.51492547363368502  0.52527741007400286  0.53627626539963846
  0.54768779723729832  0.55895266920559317  0.56986111841754583  0.58072130965118562
  0.59197000488558282  0.60300267252088358  0.61425610547725329  0.62561707380498499
  0.63705698356651408  0.64891206978146110  0.66088217930668924  0.67239200125185883
  0.68325580473978431  0.69384866942294499  0.70423808216051398  0.71434595447747284
  0.72412364508065818  0.73426812679977616  0.74515793512933715  0.75614577490254675
  0.76656294425014704  0.77675456616281546  0.78703443449853494  0.79713833212227669
  0.80740213664775984  0.81769621396553749  0.82763499485378267  0.83752235458176716
  0.84761870362155955  0.85841668056777087  0.86971354148572733  0.88084871891675887
  0.89199295367971754  0.90234935742078737  0.91201755959756148  0.92127860217142810
  0.93059641158123396  0.94001227762207540  0.94975541765763638  0.95919655871943366
  0.97035980874355976  0.98048678073293927  0.99021545791849830  1.00000000000000000
 -0.00269537122930721  0.01077932311189867  0.02300114885681911  0.03498708387091899
  0.04638918127196772  0.05768529267334177  0.06881223373739449  0.07976204623320779
  0.09028447766048647  0.10057173328646397  0.11122219451286187  0.12200568823562531
  0.13283971139642659  0.14403156119230801  0.15573736417038986  0.16760326922505572
  0.17871458667939075  0.18917901297325515  0.19971648177703627  0.21000943284121865
  0.21987570152460370  0.22972812678438440  0.23961715432961272  0.24936576712693678
  0.25902568733272441  0.26878594339489842  0.27879588931863808  0.28879503768824655
  0.29868598429204157  0.30868227564046563  0.31878253429391434  0.32887525284667940
  0.33894842495047073  0.34932058678542327  0.36077590688368188  0.37255878877284543
  0.38355662361112414  0.39423042825066312  0.40474486042844965  0.41494114528697995
  0.42484131079500020  0.43478353562127814  0.44555059681950859  0.45644504642268457
  0.46696034200154174  0.47722216382306237  0.48732341786528294  0.49759829190422150
  0.50793628234134958  0.51835021903172629  0.52892378373440962  0.54012490536437685
  0.55219571673095447  0.56402845760979703  0.57484051159922656  0.58523144125892490
  0.59554933801361010  0.60579615377871310  0.61576032032114925  0.62583958129058348
  0.63639704700178801  0.64684927840408690  0.65692012981529180  0.66677023901468602
  0.67690673883644992  0.68744608056027412  0.69764280850719196  0.70737767886101965
  0.71737147813721769  0.72813735266773350  0.73946813525627897  0.75073710962407947
  0.76199549333834560  0.77275817650155565  0.78289156706626672  0.79270024131973738
  0.80229772373404806  0.81202145084803268  0.82171728173659953  0.83104148300024294
  0.84049882369011475  0.85025429234457717  0.86047787021280042  0.87123663127908424
  0.88182375468889995  0.89249253195451095  0.90339957528290649  0.91472140065472141
  0.92578035385512059  0.93694991747666767  0.94828820247777879  0.95966394090408835
  0.96983747129796982  0.98014101937159270  0.99004240664899779  1.00000000000000000
 -0.00236984088428847  0.00916300323834935  0.01884794353370484  0.02989048759482453
  0.04118776287094190  0.05153055199954525  0.06204240590142399  0.07142205246340289
  0.08109074710069157  0.09073409826700268  0.10049200362071842  0.11058943948530613
  0.12138978117656143  0.13221310984444851  0.14369997453182981  0.15456560609023093
  0.16557310116321758  0.17603741973935441  0.18700340219587930  0.19762951145949409
  0.20842684195217426  0.21865268770712354  0.22932803115209033  0.24021302972131134
  0.25089134513205608  0.26188793658875814  0.27290530809209196  0.28457268209196424
  0.29543377266481047  0.30568558069710877  0.31564365657871202  0.32553877180455876
  0.33571704181227940  0.34592660393875602  0.35642573729496757  0.36724815422101842
  0.37808057479619606  0.38827709312133257  0.39911791262096014  0.41053434312562515
  0.42195055974297296  0.43308168712308065  0.44355473928633410  0.45380295280571242
  0.46417259488091100  0.47451710197942543  0.48452997974879092  0.49398386216587847
  0.50354418551071567  0.51370592166319973  0.52418084379152119  0.53463011723250997
  0.54502418962480337  0.55550414954274774  0.56608245816322456  0.57634239310323521
  0.58701654173365592  0.59721223197907614  0.60789798737104694  0.61884974837469087
  0.63018199893393378  0.64163089581671262  0.65264593610834476  0.66323169816543937
  0.67375969029209026  0.68445921246184593  0.69498147844078484  0.70491098477139646
  0.71460601570555182  0.72453684204491198  0.73461803082415111  0.74487292254027915
  0.75485033957613523  0.76411830745089382  0.77339600205678960  0.78220141955778000
  0.79114423726266003  0.80027506320116448  0.80990771720977417  0.82000845111883547
  0.83027895164502830  0.84062895889561007  0.85145904314662690  0.86226878666761231
  0.87295807434180495  0.88387279527851337  0.89493176683686138  0.90591089465287211
  0.91709359542431546  0.92873257311968671  0.94055607413874187  0.95221710463661802
  0.96386717753630824  0.97578435729223589  0.98787631938443998  1.00000000000000000
 -0.00274641571305047  0.00982942693030122  0.02110016124080292  0.03174092576286811
  0.04226708191410937  0.05202208165244639  0.06171189710498284  0.07144409008769408
  0.08107480259238464  0.09133975274265115  0.10168328609001254  0.11222715944823786
  0.12312561579596580  0.13357152049327567  0.14414537301951358  0.15410366538108669
  0.16408877399511976  0.17410040763987811  0.18410976021907488  0.19409854823508099
  0.20412393236334767  0.21449640091249336  0.22529070894529479  0.23644583327763799
  0.24798624142302031  0.25946084443209527  0.27016054042849508  0.28040253923967556
  0.29054680221114826  0.30104866035304279  0.31166929819171751  0.32188581810093342
  0.33235740481035564  0.34297397404612412  0.35432639972179392  0.36667797316496475
  0.37818711494726176  0.38932300341532267  0.40013087664411223  0.41082694200312936
  0.42168298490505912  0.43245212771801766  0.44328698778666809  0.45393074617019874
  0.46405745657460529  0.47402125906948778  0.48417652204558936  0.49419106073860652
  0.50395564901879186  0.51362774224688856  0.52372575367536489  0.53461851901573576
  0.54545848783828543  0.55642638506802078  0.56720941694758220  0.57806076288394237
  0.58870443308697873  0.59921252011103865  0.60990548134550582  0.62038373855270257
  0.63080530070345497  0.64149861815051956  0.65196208090376018  0.66246022449590780
  0.67323667654170816  0.68386283649898461  0.69446598308122098  0.70496439459020732
  0.71561244901825627  0.72642968552590181  0.73706541127799696  0.74780968410017734
  0.75914022755685462  0.77061344452413416  0.78127388136301446  0.79149266452105471
  0.80150832791064963  0.81171533816415975  0.82229138224365894  0.83276142632895367
  0.84372072980269464  0.85400240777930880  0.86462675031047198  0.87553391781637313
  0.88508226406202661  0.89471404111365993  0.90484240019841067  0.91575237103695828
  0.92653917427102617  0.93708060980447538  0.94784268930296012  0.95838520802537130
  0.96865261911420664  0.97887072260946462  0.98929536403987439  1.00000000000000000
 -0.00227510970428641  0.00879677935152002  0.01871302037913277  0.02888095502322330
  0.03957536333088706  0.04946537127267616  0.05984795909223058  0.07081281003607408
  0.08208817526473541  0.09263864541235459  0.10269535643822569  0.11313131301040506
  0.12414164864429593  0.13547589043578637  0.14662490888332069  0.15702825129076800
  0.16737509064109138  0.17797373480338013  0.18844418374716210  0.19896169721077614
  0.20980325146189838  0.22147501002343153  0.23330278327545939  0.24493664320236272
  0.25657879805216083  0.26830001087927957  0.27867398844371449  0.28900911187400946
  0.29918666234899599  0.30951004139739835  0.31937977412683166  0.32922910487000812
  0.33912020185383690  0.34912371171154621  0.35889590991441039  0.36846332114221442
  0.37813781811727060  0.38828516680944480  0.39834912403938150  0.40874721849934376
  0.41899752380243227  0.42898807630979147  0.43910120276686793  0.44936863749180217
  0.45977577116152057  0.46988076807430407  0.47997000958661340  0.48989892983795702
  0.50001428783782109  0.50998207652012006  0.51984401453857365  0.53000450215906081
  0.54026637170383673  0.55057533206805032  0.56091704745308490  0.57125469023358211
  0.58180362378236250  0.59217077406471008  0.60266690393068778  0.61356115450160575
  0.62477115081551293  0.63554575680434267  0.64612548412304560  0.65686824905300933
  0.66782586375687925  0.67850133680302105  0.68937491093121284  0.70017945782092994
  0.71140584403561491  0.72204088670377675  0.73294726317326320  0.74346604431094876
  0.75384923718808083  0.76393927783092630  0.77423605030865494  0.78495113729270938
  0.79549159958929816  0.80596983690279922  0.81681716457193687  0.82794119261689614
  0.83896030956956824  0.85010860791617515  0.86186707277377084  0.87367029982576716
  0.88433613551497692  0.89469581880715021  0.90525444530348231  0.91612614104264611
  0.92726414577511374  0.93813947178336343  0.94859501524111012  0.95920380478434375
  0.96962044753777243  0.98040657540384413  0.99007052669870343  1.00000000000000000
 -0.00240894151925634  0.00936572735980804  0.01899095222530537  0.03006178653794243
  0.04086331103816306  0.05132900925839262  0.06083160054169907  0.07331433718549353
  0.08478069149360751  0.09589515477165954  0.10614870534210313  0.11646285503208209
  0.12642680256001179  0.13648260900539691  0.14627540331643021  0.15661748292536390
  0.16652502012270862  0.17738541429934310  0.18834005072294635  0.19978138826844880
  0.21055629280069729  0.22176346647699965  0.23279085773322325  0.24384776430934654
  0.25397285890631083  0.26363852133294685  0.27310256237569558  0.28265947254459772
  0.29243500717100274  0.30228615003512366  0.31228881379238838  0.32287339710463897
  0.33386552846217771  0.34507131768859767  0.35592094601169416  0.36614202983826294
  0.37627763750017146  0.38651260978897706  0.39652212193481184  0.40637318469825379
  0.41617342150316167  0.42621602360388211  0.43650001243752001  0.44716053564361202
  0.45794984320603643  0.46858714403671009  0.47898339356706732  0.48907026124852632
  0.49900445061066984  0.50863231304423862  0.51841765210459434  0.52828364997960431
  0.53813822806005507  0.54814138571212434  0.55846350227507380  0.56907794440844583
  0.57992577752146335  0.59054916582997941  0.60079185339375851  0.61064887947479307
  0.62081992552275223  0.63193997197220786  0.64380907833204715  0.65549431006693837
  0.66684576339688684  0.67806780572196135  0.68921781998428822  0.70021117727125304
  0.71071705318588496  0.72094614089606124  0.73119464471472861  0.74156183215912341
  0.75230187947770000  0.76362803368753140  0.77503546973503901  0.78623408713277798
  0.79729864697841213  0.80801744732859071  0.81838279846432560  0.82868728368346356
  0.83902860823359970  0.84956203668506602  0.85955192803064939  0.86979311507683010
  0.88014446642629851  0.89042026159605969  0.90103168597676664  0.91171887263913109
  0.92185807562126465  0.93171472419263823  0.94226613035340367  0.95385652617218253
  0.96572890875294570  0.97692429881107135  0.98832699866689733  1.00000000000000000
 -0.00302463860916148  0.21192251730380071  0.27915126624174436  0.32225010207389398
  0.35422794755995013  0.37914164430671171  0.40071839995804359  0.42054215327226441
  0.43868777021123601  0.45450698816178903  0.46863004484263110  0.48128266248679452
  0.49319620425776878  0.50483770232920167  0.51574662538814464  0.52595711939915746
  0.53594351727749001  0.54575546804835484  0.55522498764763772  0.56420394073799573
  0.57246742070139633  0.58047523741339735  0.58827521006950356  0.59574272536702988
  0.60288631886432187  0.60992574888034679  0.61700696106999064  0.62392669949406221
  0.63051313431914735  0.63693059413295550  0.64336053285629258  0.64978208224226286
  0.65607936064444594  0.66231139692526830  0.66858155843456446  0.67483311961025505
  0.68078647503603329  0.68650438774950551  0.69215567515657639  0.69794279062702869
  0.70375958130075733  0.70934268453845839  0.71468020879591665  0.71987171569732011
  0.72502196901810056  0.73014048028175693  0.73515187812884142  0.74008837767082336
  0.74496541629305535  0.74977274489279255  0.75461096784292248  0.75944647598685755
  0.76419744721340777  0.76896345521176179  0.77381373582031521  0.77868017157554126
  0.78348294741104596  0.78821474957638582  0.79290263889445356  0.79752955798042569
  0.80215852512182295  0.80686261932844450  0.81134233112013920  0.81574701259303994
  0.82011249285052357  0.82447277493274074  0.82893538132572742  0.83324091266669686
  0.83760077871862970  0.84204381102737913  0.84653471440644035  0.85100522510158183
  0.85547777643820944  0.85986313262214731  0.86420524184992575  0.86846922170651897
  0.87280752381280835  0.87729433487643882  0.88184228217404992  0.88636124479463796
  0.89079644797314905  0.89535818342393569  0.90030098671296610  0.90541654295067309
  0.91030785944620229  0.91540645846156199  0.92075133747786531  0.92630529056687749
  0.93194228339500385  0.93766390336104888  0.94378880340730331  0.95021550876935079
  0.95816997739392507  0.96689660462849669  0.97921186512304925  1.00000000000000000
 -0.00232472185234083  0.00887242099155677  0.01918605585529676  0.02940954518484609
  0.03973565141395031  0.04959768656484124  0.05931342221125137  0.06955970820845751
  0.07972653978012781  0.09067756819427483  0.10172252220086975  0.11247913132054775
  0.12271888528850183  0.13281434268209896  0.14292483448128576  0.15293455772476908
  0.16280351887882671  0.17301840307085342  0.18314336417955526  0.19317767400991914
  0.20307880257957489  0.21346853358770229  0.22469803681391343  0.23627242835926146
  0.24816950523289938  0.25953846516854967  0.27089291627914708  0.28196208207255691
  0.29308805881785782  0.30424778566669358  0.31547623364239186  0.32624066089670672
  0.33641164263280315  0.34615187246338719  0.35607429330976043  0.36646771498317693
  0.37708250459740061  0.38742207139976725  0.39786836364872125  0.40854350892417018
  0.41936714649314627  0.42992262333569303  0.44104213899072497  0.45258726479801331
  0.46374172070547376  0.47433176831574364  0.48474781721294602  0.49487427155725933
  0.50456873266791857  0.51413384881909052  0.52434472923849273  0.53511618068812172
  0.54604186477764427  0.55712651960489623  0.56792260942751271  0.57855856779004577
  0.58934304651448810  0.60033852613648464  0.61094789212824741  0.62111915402448892
  0.63148067976453826  0.64187061343418805  0.65212409668290783  0.66255727758484206
  0.67300017989461414  0.68332291150802082  0.69362971259231310  0.70429515034652213
  0.71535621345315159  0.72619987252109319  0.73658077739455474  0.74638288743847003
  0.75626744703353954  0.76636010209809013  0.77657169574576546  0.78678839908353793
  0.79697789168228894  0.80728134478593594  0.81771125006274137  0.82835208355843493
  0.83888520236913711  0.84949307564150256  0.85983376967448688  0.87023457741279575
  0.88012347343405761  0.88977598896362553  0.89959692375644895  0.90979647127063534
  0.92028580438346597  0.93131675734542874  0.94250785284986949  0.95346899353124792
  0.96462193270803798  0.97645390115917263  0.98809601118607737  1.00000000000000000
  0.76625818640648158  0.76739359311981648  0.76915442968045578  0.77103613655477954
  0.77296514385424497  0.77491101260956985  0.77676832544020624  0.77861823603178548
  0.78057151262767221  0.78260239058656167  0.78467151904419719  0.78671480704855046
  0.78866831154283779  0.79053624813751844  0.79232651056828918  0.79406178375048886
  0.79581539823475134  0.79762884655553157  0.79950616356200277  0.80143762884012126
  0.80333030669108907  0.80515309379511280  0.80695027945119713  0.80870654086828397
  0.81050409974530901  0.81231795436305199  0.81414447517925681  0.81591994789067968
  0.81770751773509398  0.81943491144267344  0.82116870573531153  0.82287301490183995
  0.82464666131359365  0.82648474735473532  0.82835133151676732  0.83020491611864899
  0.83203276704926210  0.83391126572073526  0.83583041296730487  0.83781703590774370
  0.83976896893684849  0.84167309677924196  0.84357095473632759  0.84547694486736635
  0.84737253423208092  0.84924797986196265  0.85110457163982045  0.85300076016057214
  0.85491832658089006  0.85687326977901390  0.85885785677338189  0.86084945889100462
  0.86286236391361426  0.86486637943726330  0.86685821082569792  0.86884170500992652
  0.87083555157752479  0.87284081064581465  0.87489064976796727  0.87693468631493510
  0.87897722190191407  0.88102522384905713  0.88308826891628189  0.88518102104899199
  0.88727339017549078  0.88935143186030130  0.89146374866042066  0.89365126822083263
  0.89594878821784296  0.89832172592583159  0.90073386747176065  0.90314364561812577
  0.90552855210643823  0.90786223445455994  0.91016411627057925  0.91256606369979354
  0.91513784413456367  0.91782785115602061  0.92056741771624573  0.92328755289998676
  0.92602502820917054  0.92879599921868849  0.93159561547259606  0.93444958776949427
  0.93738773404650144  0.94053509582618566  0.94381740048838192  0.94731128874486914
  0.95103901692572157  0.95496966763957636  0.95930367089179236  0.96430472125688238
  0.96977751030907733  0.97602232648970866  0.98502364931949882  1.00000000000000000
 -0.01883076030547004  0.09375132988335647  0.13300357351945788  0.16071711978439121
  0.18337347221741596  0.20218588779960475  0.21906494539090421  0.23408015474045660
  0.24725389981170531  0.25902583784143385  0.26979008026028217  0.27945567447699482
  0.28842431308832811  0.29703132179576835  0.30555960722281356  0.31394359964442792
  0.32199090537427805  0.32965276370209345  0.33708170624143580  0.34435763763915106
  0.35137506776713329  0.35801707913076741  0.36432964290463721  0.37040434204345457
  0.37646415729282540  0.38255301500858141  0.38850104626995186  0.39444320155589746
  0.40046414959189652  0.40653480444682205  0.41255021447642048  0.41838601816741183
  0.42405024670016461  0.42950576105548194  0.43519090133136890  0.44037695469497062
  0.44529564144219802  0.45025827949104535  0.45522568965034493  0.46023863644312579
  0.46535168580863134  0.47039207963491958  0.47547116138291096  0.48038156249634478
  0.48497501315062869  0.48972780713294789  0.49459172512985933  0.49954760018917621
  0.50457705987434687  0.50952501869393862  0.51441235792953333  0.51925309244111018
  0.52402780102794511  0.52885682632670050  0.53376134838908562  0.53850943779633365
  0.54342741805330597  0.54847475839223736  0.55352665183119665  0.55861910437891127
  0.56382273120309923  0.56910415586078411  0.57441043578682649  0.57973886555055565
  0.58502056303360228  0.59021178110927286  0.59524639184647143  0.60048590111801969
  0.60580412155980334  0.61147949569167637  0.61715770383386936  0.62295496405450057
  0.62885439047374936  0.63472477291544982  0.64065932946417670  0.64667244084591169
  0.65296402125275310  0.65947987772139993  0.66632409781734492  0.67345063913202508
  0.68052646757826052  0.68743895799530852  0.69446731115420857  0.70192019895154312
  0.70998185030770722  0.71858167518748994  0.72762943231959276  0.73737089436773895
  0.74802052258877516  0.75989045404234323  0.77326104026946796  0.78874092466498025
  0.80725595145662477  0.83143990464774697  0.87256408648906481  1.00000000000000000
   1.6689964948798840E-021  -1.0000000000000000     
 T T T F T F T T T T T T T T T T T T T T T T T T T T T T T T T T T T T T T T T T T T T T T T T T T T T T T T T T T T F T F T T T T T T T T T T T T T F T F T T T T T T T T T T T T T T T T T T T T T T T T T T T T T T T T T T T T T T F T F T T T T T T T T T T T T T F T F T T T T T T T T T T T T T T T T T T T T T T T T T T T T T T T T T T T T T T T T T T T T T T T T T T T T F T F T T T T T T T T T T T T T F T F T T T T T T T T T T T T T T T T T T T T T T T T T T T T T T T T T T T T T T F T F T T T T T T T T T T
  <DiscreteSampler_grid>
  grouped_processes
  1 # 1 for a reference and 2 for a running grid.
  10 # Attribute 'min_bin_probing_points' of the grid.
  1 # Attribute 'grid_mode' of the grid. 1=='default',2=='initialization'
  0.0000000000000000 # Attribute 'small_contrib_threshold' of the grid.
  0.5000000000000000 # Attribute 'damping_power' of the grid.
 # binID   n_entries weight   weight_sqr   abs_weight
    13   10   6.460664730445533E-002   1.338635944744321E-002   6.460664730445533E-002
    14   10   6.460664730445562E-002   1.338635944744332E-002   6.460664730445562E-002
    16   10   6.460665126991159E-002   1.338636128754725E-002   6.460665126991159E-002
    17   10   6.460665127076518E-002   1.338636128809081E-002   6.460665127076518E-002
  </DiscreteSampler_grid>
