 -0.00000000000789071  0.00000000025748138  0.00000000107432864  0.00000000217008790
  0.00000000351522371  0.00000000504235324  0.00000000668263944  0.00000000837603477
  0.00000001020279110  0.00000001205764558  0.00000001415185984  0.00000001624259491
  0.00000001848063685  0.00000002080323868  0.00000002308923916  0.00000002540804297
  0.00000002788016248  0.00000003041277892  0.00000003294751626  0.00000003553642898
  0.00000003824681636  0.00000004106446764  0.00000004386655387  0.00000004665935227
  0.00000004949791679  0.00000005239346137  0.00000005543116003  0.00000005860353270
  0.00000006177299047  0.00000006491330648  0.00000006806661008  0.00000007124650661
  0.00000007451407617  0.00000007789349233  0.00000008149999208  0.00000008543467711
  0.00000008923620388  0.00000009293659728  0.00000009651551252  0.00000010004162575
  0.00000010358207651  0.00000010714435638  0.00000011078038863  0.00000011447825120
  0.00000011826622346  0.00000012213216633  0.00000012605706189  0.00000013002930613
  0.00000013405311549  0.00000013814726206  0.00000014231966517  0.00000014651938660
  0.00000015070222186  0.00000015495665807  0.00000015932732828  0.00000016366469471
  0.00000016813417141  0.00000017314873927  0.00000017823402059  0.00000018314951125
  0.00000018805364799  0.00000019309093060  0.00000019812979567  0.00000020321801581
  0.00000020846323812  0.00000021383870755  0.00000021928883766  0.00000022476581304
  0.00000023026724072  0.00000023578863810  0.00000024148323642  0.00000024783916278
  0.00000025495918913  0.00000026235671297  0.00000026972921448  0.00000027718712068
  0.00000028475073695  0.00000029255508531  0.00000030057144447  0.00000030878789566
  0.00000031714353450  0.00000032569544166  0.00000033451694128  0.00000034353413447
  0.00000035296259117  0.00000036339620407  0.00000037583609838  0.00000039171595722
  0.00000040769200405  0.00000042513688935  0.00000044497567002  0.00000046787932161
  0.00000049650719969  0.00000054486107703  0.00000060203005603  1.00000000000000000
  0.00921397892525549  0.01689866069553183  0.02761890961628622  0.03860892116074369
  0.04900481513711091  0.05937711008504199  0.07006088881702302  0.08075924762909394
  0.09135288552904246  0.10184351413241813  0.11247414359548602  0.12358928900494785
  0.13495755296022058  0.14597236054599766  0.15715301634916690  0.16773797202163110
  0.17725813049844646  0.18679512787682848  0.19646647225346622  0.20608510691138110
  0.21532930242063586  0.22437066766932542  0.23381676212086222  0.24417961564477003
  0.25471699179637641  0.26499941221149781  0.27501420783570885  0.28518324496211417
  0.29554462460415598  0.30600446832270262  0.31665394035118877  0.32740025969993680
  0.33804610526506740  0.34822513808168193  0.35880875047980887  0.36946001804949152
  0.37989382244392322  0.38998424838387469  0.40040901550184671  0.41136202767360142
  0.42253322005606991  0.43354884145154904  0.44454855758865475  0.45518390163665046
  0.46544929702036197  0.47582353028229302  0.48682930763719923  0.49786994033038923
  0.50822126921575506  0.51815387406289015  0.52781958392695416  0.53727771115851752
  0.54640190895755414  0.55544772526035902  0.56487860919219157  0.57471756005418462
  0.58453587604953439  0.59433508077317976  0.60457249699229998  0.61557392881884321
  0.62703720502781646  0.63848529459137171  0.64959145173908084  0.66044068237529230
  0.67120246200224787  0.68189824933746834  0.69259508044939988  0.70316209097940341
  0.71417735455228182  0.72562003994068214  0.73682397413794043  0.74786298123672812
  0.75903377554598195  0.76948431810406892  0.77934842525024595  0.78883980219713656
  0.79859752737612222  0.80857858632162483  0.81909775745898383  0.82996840859352139
  0.84083486528950935  0.85158810522472228  0.86223618341229402  0.87288802303367541
  0.88384905439495753  0.89462123133321725  0.90553209215129571  0.91605677659989970
  0.92610223628331378  0.93589270794396451  0.94599591143921313  0.95640680274990908
  0.96707325706459790  0.97792363485943157  0.98836065396953388  1.00000000000000000
  0.00969925170444864  0.01574931967280883  0.02522821641622099  0.03586121636881329
  0.04592055278462202  0.05593454683147817  0.06623823684458428  0.07686031665305965
  0.08706108401256531  0.09644567357145757  0.10606465971470097  0.11606164024637873
  0.12600188384293298  0.13555348326408212  0.14501351748709801  0.15490131132161372
  0.16526530886556068  0.17568565651223772  0.18591978911920320  0.19595206888455458
  0.20599307226338628  0.21607132267740919  0.22615971791170419  0.23622065354495655
  0.24612075410297629  0.25666293242786786  0.26758044269527270  0.27774271813031504
  0.28754263988605500  0.29773964055076835  0.30840427132084369  0.31920821164513657
  0.33023777160597395  0.34200615208197732  0.35420014077200618  0.36613573722364456
  0.37779584333647859  0.38927891188786057  0.40043129220563572  0.41152204146499266
  0.42254635359343484  0.43355845009970018  0.44450843420763853  0.45536274484832573
  0.46629041575758168  0.47712806307223127  0.48833037467299600  0.49978494449792299
  0.51082269578861672  0.52167853900327132  0.53218287806482556  0.54248438770975715
  0.55272024906253403  0.56331598323654208  0.57460034873647492  0.58577397774373086
  0.59637635385415289  0.60679706710309822  0.61734357281045382  0.62792422060638831
  0.63832134436896770  0.64841737454239523  0.65854768086376847  0.66889348726310172
  0.67940380916970611  0.68991664457079216  0.70017926697889643  0.71064188615341572
  0.72129770399711102  0.73187196706158908  0.74231619514682523  0.75278455131348654
  0.76355781367188746  0.77454611083326608  0.78553621386276684  0.79606749948440647
  0.80610159107141921  0.81623562196546284  0.82669803675361442  0.83693630016275866
  0.84672045926569406  0.85681926129129593  0.86781951372175803  0.87876966440497006
  0.88937083115373539  0.89987570871750033  0.91046019687722168  0.92121833632626415
  0.93147114458854763  0.94165475840388635  0.95195918075787189  0.96227200799139878
  0.97262266571040767  0.98197440645279732  0.99138937049736509  1.00000000000000000
  0.00003722665351704  0.00004035586939216  0.00004255390876173  0.00004429920224970
  0.00004588330699975  0.00004741771940139  0.00004889905645616  0.00005038158337362
  0.00005191883485107  0.00005342103879294  0.00005490490681477  0.00005641357102708
  0.00005793994959432  0.00005945846614078  0.00006096457320177  0.00006247720892633
  0.00006401695220111  0.00006558756501998  0.00006720440588934  0.00006884538620664
  0.00007043144496702  0.00007204629132060  0.00007363955507231  0.00007531886125664
  0.00007707287084631  0.00007886618081156  0.00008067034493927  0.00008249555494187
  0.00008434752988496  0.00008624663224420  0.00008822106992725  0.00009026068453049
  0.00009231626734829  0.00009433930419181  0.00009631603624968  0.00009828198492116
  0.00010029557517819  0.00010239129827432  0.00010459167004365  0.00010682974627508
  0.00010909939308523  0.00011143018882354  0.00011382282492185  0.00011628349618839
  0.00011882627134230  0.00012151642371004  0.00012437936696214  0.00012729998505757
  0.00013026871517552  0.00013335910642773  0.00013638457375177  0.00013977551526794
  0.00014337720322805  0.00014714037802810  0.00015104304237025  0.00015505261782837
  0.00015926001347609  0.00016384273220068  0.00016881782271354  0.00017407037306754
  0.00017949498856194  0.00018520917006520  0.00019153141010808  0.00019850258971215
  0.00020603014720326  0.00021403008528711  0.00022243655281109  0.00023138020291944
  0.00024057869656946  0.00025032256265643  0.00026172840531045  0.00027508535551615
  0.00028924532681258  0.00030510302411207  0.00032195134939255  0.00033964755361775
  0.00036036753532429  0.00038476286326477  0.00041237498728055  0.00044324024093737
  0.00047714594044370  0.00051702013545090  0.00056298516416963  0.00061540625445940
  0.00067413027351467  0.00074413013564571  0.00082998736429804  0.00093913438047636
  0.00107763813256110  0.00124679665902410  0.00145307087516399  0.00176849243133502
  0.00228441340512793  0.00309274785033532  0.10428970403283296  1.00000000000000000
 -0.00201764442826415  0.00846014489681026  0.01818548970053856  0.02833768711535077
  0.03905155404137464  0.05028987099828693  0.06177218542582859  0.07310795223057279
  0.08467928541447356  0.09603566455217422  0.10703586441670282  0.11760529754320662
  0.12805625953248564  0.13835493309796049  0.14826047387466235  0.15789509196195545
  0.16778067879197545  0.17792650412508329  0.18792843831232547  0.19794265820493651
  0.20816388759297691  0.21887068321623818  0.23000125416553710  0.24160876150207375
  0.25278010494107134  0.26360794656456260  0.27428764667762523  0.28479013898371836
  0.29534202093824974  0.30586901273462291  0.31589279435987105  0.32518187281615218
  0.33435375457733407  0.34347870863690566  0.35281000299406146  0.36241393397391802
  0.37186267166987225  0.38178243073724072  0.39231001785482411  0.40323286335431224
  0.41470108372285897  0.42558723915323460  0.43624269449543623  0.44661693731749774
  0.45734583193083755  0.46794587447458597  0.47815825561004138  0.48851476144885836
  0.49918442259108597  0.51022322931208564  0.52158504491453417  0.53346897896036594
  0.54490669869839325  0.55574367485576359  0.56655335849915034  0.57777781603970535
  0.58918123292986202  0.60067199951691919  0.61158073336837993  0.62212281152476745
  0.63249472069159263  0.64292090395167223  0.65341068978366645  0.66402470969209126
  0.67487019796780678  0.68587610210966998  0.69645706473432678  0.70714843695617291
  0.71799546804860870  0.72892267040084102  0.73960208679011308  0.75005630804124201
  0.76043750636779039  0.77084440523880082  0.78115158896191139  0.79152690770972056
  0.80207173346452487  0.81266131982535583  0.82311838594440101  0.83365587202174118
  0.84478899813203456  0.85602337817570306  0.86717428359226567  0.87838741792788577
  0.88949584741093923  0.90013507730511155  0.91040318733493375  0.92042335205100578
  0.93036337346856457  0.94037769019961603  0.95030567978489977  0.96001990714731245
  0.96970060289146565  0.97979350509274599  0.98999215319647593  1.00000000000000000
 -0.00229815383551669  0.00935552866960604  0.02050392047484936  0.03148236522032975
  0.04249988257573396  0.05314637077562996  0.06379052446295616  0.07458218344910049
  0.08508271976374809  0.09573185802932524  0.10640961495260279  0.11708606519303845
  0.12776183093177831  0.13872530593422455  0.14980577178295193  0.16102375403740066
  0.17172588706666270  0.18229126074137628  0.19318525305589865  0.20445722116901546
  0.21538147494204518  0.22592685594915776  0.23637642752605448  0.24668938738883733
  0.25681723694292208  0.26703542756071202  0.27785557486240325  0.28890166926031857
  0.29968908805990574  0.31033763146510152  0.32120905365783908  0.33236520906261652
  0.34366630755000155  0.35497539353242125  0.36610178838246971  0.37684680793682840
  0.38716234985513104  0.39730499643702100  0.40748490760510087  0.41790381053972747
  0.42853043482657405  0.43883724943754826  0.44856286347389801  0.45811019498287536
  0.46786014417593252  0.47767416729993334  0.48731075913325694  0.49697866998471685
  0.50699792620536976  0.51718539559936128  0.52726258547363525  0.53743249268131355
  0.54778643797145066  0.55822248104060346  0.56897480590616512  0.57993796172732726
  0.59059956596738639  0.60090754822800641  0.61125251945355341  0.62178950656259147
  0.63240393872974698  0.64308089021433024  0.65373398230665358  0.66433512377782655
  0.67477780008378163  0.68509533116882582  0.69560230171098636  0.70642154709903171
  0.71760871320567365  0.72842366857225915  0.73843158554093735  0.74834010026161080
  0.75803165248880455  0.76783251671094022  0.77815973108186909  0.78874562346413657
  0.80088017399449574  0.81334286874067541  0.82393896943923484  0.83420883364550813
  0.84428563393005363  0.85424802678007128  0.86402882837773132  0.87352496981305694
  0.88477787716147693  0.89591431226230045  0.90649867211588819  0.91687682799711512
  0.92747300937699151  0.93809639028185376  0.94844319192467985  0.95871644511407828
  0.96862179360702616  0.97905035475263780  0.98943035786342148  1.00000000000000000
 -0.00238456702643482  0.00926700524608323  0.01983763163473051  0.03063037637384147
  0.04163894792283020  0.05194243991102228  0.06196816918522909  0.07165823623869347
  0.08103687274158150  0.09056207878497631  0.10033840411870505  0.11037682602996382
  0.12080199423383875  0.13115315508880340  0.14185192154971030  0.15291670748234071
  0.16411219307452540  0.17500216481168093  0.18561780551032481  0.19642711421613843
  0.20733189092622983  0.21758202692559198  0.22758842035311130  0.23804108483830219
  0.24870282544865835  0.25909167362115765  0.26931832513907611  0.28025482217355013
  0.29138637673744633  0.30191170175828275  0.31218909107869386  0.32298713417591735
  0.33357976451305260  0.34392900349105587  0.35433248279484153  0.36586249960314782
  0.37775973885813996  0.38819511293327036  0.39841721350514631  0.40882250546349719
  0.41899917740726544  0.42879400109985621  0.43878436705440915  0.44977995222044553
  0.46107648636949972  0.47221398426710454  0.48425736609650732  0.49613849279420480
  0.50724250729989140  0.51787541994686082  0.52855146813613019  0.53915007969118811
  0.54933459042534194  0.55920143532966737  0.56900997636973139  0.57935547475219462
  0.58942802494615931  0.59940033517672953  0.60876258648436421  0.61842244939914226
  0.62795665965189540  0.63727983371396080  0.64697980672429600  0.65738943347130330
  0.66794821977733065  0.67804870433421871  0.68812657618188644  0.69869988152658957
  0.70941915448631976  0.72002315470575418  0.73061218647473947  0.74136016097781265
  0.75224840867366882  0.76318843466696284  0.77420791128472299  0.78498140799569049
  0.79577581713604095  0.80620698820699199  0.81659411705611074  0.82686080450526156
  0.83714974817425236  0.84748840180448581  0.85793133760958440  0.86874499816281037
  0.87972367194356316  0.89088624284728490  0.90205438922071379  0.91366202278440223
  0.92479081045240508  0.93590487775266318  0.94648270403752499  0.95684562025425790
  0.96765618999000069  0.97821885689284604  0.98917322791613094  1.00000000000000000
 -0.00250283028369696  0.00988240329725526  0.02026319035578261  0.03146043761446756
  0.04264585215582097  0.05202438412064477  0.06187925034283847  0.07217238005160197
  0.08217714460909868  0.09189206157926910  0.10150591184874330  0.11187530491089756
  0.12282406862506880  0.13323671826219105  0.14391435188428525  0.15544142024765334
  0.16732079365411809  0.17720909760549558  0.18674998908967791  0.19622015446134949
  0.20584701516491027  0.21520749841362311  0.22429474666899576  0.23396995751038671
  0.24439512765903212  0.25500797561541927  0.26526358097813524  0.27523532896113279
  0.28516927959772270  0.29512658507888084  0.30524590214605613  0.31570177041862202
  0.32638669342252979  0.33738647482438566  0.34875651056234319  0.36032552178592786
  0.37180977624161221  0.38280299137944729  0.39341839093069958  0.40388494646369455
  0.41429180283283046  0.42444462493443519  0.43446216819300482  0.44476668819980875
  0.45534937555101118  0.46596785328732560  0.47677819225452689  0.48798785083879714
  0.49954205350312392  0.51094043903724629  0.52190478657949657  0.53304810255078294
  0.54401080454243012  0.55460030509191471  0.56540315293791699  0.57631058292560411
  0.58704672574412819  0.59743663108507128  0.60776503647559876  0.61818653306627247
  0.62857581730486778  0.63828399055581619  0.64770463142616197  0.65688255682745056
  0.66637500173061204  0.67588434173896350  0.68513871454987485  0.69452176807854660
  0.70426292958869274  0.71424779071394939  0.72437948956440656  0.73468007832297422
  0.74546087239654291  0.75697916175297875  0.76892380519429648  0.78070767834026245
  0.79209725187300639  0.80317661713913557  0.81415861136291645  0.82531852760246605
  0.83634524050322157  0.84722978171175911  0.85828753738486696  0.86965198745465255
  0.88079476370724030  0.89214154091672881  0.90298784048300784  0.91383837748915497
  0.92416536291614859  0.93444732104692829  0.94511520867765830  0.95567211236221217
  0.96610169712584548  0.97689768877562466  0.98806573712263357  1.00000000000000000
 -0.00259699123757717  0.00940689209069214  0.01980812583941507  0.02981662882028914
  0.03955702131336754  0.04922546267421494  0.05909079773674390  0.06907972930956602
  0.07911793612365330  0.08897809712619836  0.09890188295999554  0.10920034698755036
  0.11983978442472444  0.13028853699966517  0.14027108178164052  0.15037869508538521
  0.16056085161236699  0.17098543987245587  0.18146441993490356  0.19230058846748135
  0.20294861389744873  0.21416720703904982  0.22557461096687165  0.23638682883402864
  0.24697528425454424  0.25765936404204831  0.26836180235024198  0.27898627554063621
  0.28968363548708792  0.30119196005624588  0.31277288803801773  0.32356632151350090
  0.33443862860237539  0.34540644587584568  0.35627937995876302  0.36673831765286358
  0.37803601585908803  0.38966400200213913  0.40091720012980420  0.41185588054760774
  0.42280968040726308  0.43312346383207811  0.44304154937011214  0.45341558882367244
  0.46334641658231579  0.47306908430529565  0.48256941712998824  0.49210009541850963
  0.50193283927756194  0.51135469110763920  0.52075127908824281  0.53044037553316581
  0.54073431849842213  0.55198143961777202  0.56378966494421190  0.57545670903677149
  0.58672285502117305  0.59780309241332874  0.60891394994551407  0.62002633630770998
  0.63122805345337751  0.64250682488266997  0.65392354503964045  0.66499626357069996
  0.67527370539363329  0.68485015717907605  0.69456380718421895  0.70459505085077412
  0.71496144380047100  0.72561506229851325  0.73651308582334007  0.74767777882688291
  0.75902926517388969  0.77027918249708660  0.78138655985165617  0.79228808099277892
  0.80310498913754946  0.81403997077018020  0.82499969569800380  0.83587620959709519
  0.84680841849708688  0.85791792168302905  0.86919219052430796  0.88058283099212165
  0.89195156620365390  0.90326678981072017  0.91478467036153766  0.92481675914673123
  0.93470441078278410  0.94388369130621130  0.95299169813815710  0.96194500895741852
  0.97082679616384171  0.97998617081476291  0.98983030604241773  1.00000000000000000
 -0.00240324534874678  0.00949606391256336  0.02022861327898895  0.03054173052824786
  0.04106066249340184  0.05159648942356768  0.06196824124690733  0.07203995434145691
  0.08218604604093641  0.09266761983250726  0.10329497516881501  0.11387342102071019
  0.12481514167104509  0.13583843094878006  0.14681594934379943  0.15788791752278600
  0.16900095082907349  0.18034135252398908  0.19193686308420607  0.20344545400432115
  0.21466455991232855  0.22571040390390260  0.23645694699586511  0.24687106086945118
  0.25705074071987011  0.26714697212772393  0.27741794718921381  0.28813685029268854
  0.29923264990989173  0.31010432053270853  0.32058721880572472  0.33091401273449256
  0.34106892345889056  0.35107292041366173  0.36094228577885346  0.37068606201494630
  0.38040957116581686  0.38980293284223949  0.40025288048020807  0.41120804326474047
  0.42228541799392871  0.43338935173577764  0.44482216355544379  0.45660142557731515
  0.46827335876259873  0.47975894773635880  0.49109975299302117  0.50219751929837286
  0.51293656844458868  0.52323124438653390  0.53324814775762663  0.54341431728206457
  0.55379565010414922  0.56409724181514775  0.57402655326761798  0.58397259110202027
  0.59439023685276782  0.60493902393435606  0.61517257512499768  0.62536838490303259
  0.63587197939739581  0.64649014463853094  0.65679927701426588  0.66704805149153612
  0.67717413058706044  0.68745753865927717  0.69777957722136630  0.70818641258071890
  0.71879110982520844  0.72965739028407495  0.74108783114512378  0.75197403361058235
  0.76208802218148175  0.77220731457805758  0.78212825023970178  0.79243148350327641
  0.80250248291284199  0.81221161242440443  0.82278466109143655  0.83379017884136375
  0.84484669949021096  0.85562493285224916  0.86558289842810576  0.87563018046872765
  0.88569527338686849  0.89557209552762129  0.90497028322454165  0.91411387888523632
  0.92405772589941537  0.93454489256152062  0.94531093241396280  0.95569381049682567
  0.96648357830318932  0.97722017159180974  0.98869919380716842  1.00000000000000000
 -0.00228090449986852  0.00940151320928235  0.01956139402236048  0.02930240992951708
  0.03924826631211081  0.04958104193475630  0.06025279160134493  0.07093091161634070
  0.08150814676473220  0.09208863328381278  0.10256017687702060  0.11304491046855698
  0.12372128707388624  0.13431604429464666  0.14526048233126743  0.15675344083673171
  0.16843626191977451  0.17995595793882294  0.19133183786652247  0.20268897999914165
  0.21386785616654638  0.22478797550937732  0.23542761540215354  0.24590460623410595
  0.25641672857990216  0.26717172054689725  0.27785558909594260  0.28879974961021426
  0.30008645011991553  0.31149987046949634  0.32265007856430283  0.33383593091594432
  0.34553750446418025  0.35682949747571635  0.36694896043754333  0.37650015240163526
  0.38566372937867671  0.39482713521189566  0.40396793074298898  0.41297493442119704
  0.42234648953394172  0.43189273751205665  0.44195469701124179  0.45219631049008197
  0.46260178132444574  0.47342003684409073  0.48448801441919515  0.49596804393869848
  0.50705902132417380  0.51817504734618103  0.52928562041204308  0.54057929042576358
  0.55179644695257113  0.56312405488395190  0.57536375332215961  0.58704265340010719
  0.59791134727977191  0.60838593350973269  0.61890936775873939  0.62945093957858145
  0.63992938540679756  0.65092530394693937  0.66260973185157457  0.67409417797079263
  0.68515644150448118  0.69564867759080873  0.70580618493257063  0.71596771363418577
  0.72609024242262132  0.73589638162930071  0.74560924245023286  0.75578626117227110
  0.76657721739705931  0.77691404862223490  0.78728027030703496  0.79785986612422999
  0.80833970415975687  0.81879727179235695  0.82923286659183737  0.83997849496439791
  0.85092588452949547  0.86161936360772939  0.87213002848924337  0.88236693293874147
  0.89242164451598116  0.90226237234142770  0.91218075377930241  0.92225118965148056
  0.93230470829840484  0.94220369125034831  0.95169420465729881  0.96108100111789585
  0.97041812180335829  0.98017983396701269  0.99003543626310087  1.00000000000000000
  0.53846285961655305  0.54288066256822110  0.54593064916507050  0.54874431495368892
  0.55160508577375678  0.55449288996976909  0.55736324225519540  0.56022495008115236
  0.56305411460408428  0.56582840003765122  0.56864562082073566  0.57150015562406242
  0.57435736280609684  0.57720454672987753  0.58002414731905061  0.58280257705623684
  0.58546415251414163  0.58808398413260254  0.59073622933927106  0.59337219452113943
  0.59594883144671629  0.59849680698409169  0.60111720008315894  0.60383207518822080
  0.60656229718967247  0.60924565686191234  0.61194168017290096  0.61470660361645857
  0.61747446418025909  0.62028207001811075  0.62301431627441772  0.62594484755660751
  0.62911785145458965  0.63227891101346101  0.63547442085179029  0.63869384288493580
  0.64181208456306005  0.64499469606709880  0.64845710484695351  0.65207240368573605
  0.65569797506009175  0.65930378160520309  0.66294231278700499  0.66665060884968053
  0.67040684807478923  0.67420093037471662  0.67799832755825673  0.68173628205493031
  0.68550917543557899  0.68936831180390790  0.69321322950073128  0.69712857758682012
  0.70111887286534813  0.70515949618900542  0.70923726199208115  0.71342213043876102
  0.71762158316962799  0.72191563643214185  0.72613429052921208  0.73029002321102354
  0.73444574876225222  0.73870153419278173  0.74310867182347062  0.74752344326653219
  0.75196207078546884  0.75638972115458780  0.76097764373965371  0.76565622152982038
  0.77052268949473657  0.77528686517333889  0.78008967514160765  0.78483227101104214
  0.78972001542371528  0.79489800652766951  0.80023553531288805  0.80549044286348370
  0.81076025217882874  0.81626366682417961  0.82197685481462968  0.82768328281318138
  0.83354626855456471  0.83971093277142750  0.84613153291064602  0.85278979820912271
  0.85994191542255649  0.86740009868720791  0.87514500489543889  0.88318639405355737
  0.89156324532015652  0.90063460902532444  0.91046612908605251  0.92107620689421965
  0.93283265631030587  0.94699575531908875  0.96695046940229701  1.00000000000000000
 -0.01845346875677145  0.09110282234728526  0.12829528615775584  0.15301414730102408
  0.17396967501039720  0.19295926617906142  0.21064127738548444  0.22611852658418055
  0.24032878070269337  0.25323796449848684  0.26488890467790710  0.27576224141107625
  0.28623301689511582  0.29619384336336774  0.30569537289427529  0.31463811013715087
  0.32302427301281883  0.33091288018056386  0.33824047362621712  0.34502282805178330
  0.35168521478627207  0.35795823077594791  0.36403038152896294  0.37004992443509183
  0.37602648464395777  0.38202010842866652  0.38786919281395260  0.39349978664317875
  0.39901447277790436  0.40459303497045784  0.41020481173136458  0.41585569077000706
  0.42141258280016652  0.42685655251581817  0.43217058077349330  0.43742202281495657
  0.44268816487485252  0.44797901742826857  0.45329742732683542  0.45864473198824129
  0.46392761103742292  0.46908559314915010  0.47419248002129710  0.47925100733896075
  0.48467049852383520  0.49016929959025801  0.49554064572655510  0.50073518564703023
  0.50576217603759477  0.51068501654134946  0.51570540689948174  0.52078415445849646
  0.52572847179875071  0.53048974233168256  0.53533544163224922  0.54014910048041542
  0.54507170608023947  0.55000926740062861  0.55506183223528760  0.56021964666636792
  0.56535300311479397  0.57042894393830268  0.57542868443424056  0.58036851915832199
  0.58535271820100077  0.59041721421344873  0.59565224570241848  0.60107852304840870
  0.60659771439326715  0.61218841879887631  0.61779217816858012  0.62350427689052790
  0.62950513346454851  0.63572393408973327  0.64204235647388019  0.64861723881931344
  0.65554937723663642  0.66269274744639228  0.66995942679334630  0.67733896734219468
  0.68505579672187689  0.69343157639054642  0.70259748173716141  0.71211747855285512
  0.72167087734194990  0.73184082576742571  0.74324339292959241  0.75550896452662653
  0.76823750039377137  0.78340172091228322  0.80039730111044982  0.81923280598968717
  0.84268922449218564  0.86971618711900833  0.90614498316495740  1.00000000000000000
   1.8825772646086078E-017  -1.0000000000000000     
 T T T T T T T T T T T T T T T T T T T T T T T T T T T T T T T T T T F F F F T T T T F F F F T T T T F F F F T T T T T T T F T T T T F F F F T T T T F F F F T T T T F F F F T T T T F F F F T T T T F F F T T T T T F F F F T T T T T T T T T T T T F F F F T T T T T T T T T T T T T T T T T T T T T T T T T T T T T T T T T T T T F F F F T T T T F F F F T T T T F F F F T T T T T T T F T T T T F F F F T T T T F F F F T T T T F F F F T T T T F F F F T T T T F F F T T T T T F F F F T T T T T T T T T T T T T F F F T T
  <DiscreteSampler_grid>
  grouped_processes
  1 # 1 for a reference and 2 for a running grid.
  10 # Attribute 'min_bin_probing_points' of the grid.
  1 # Attribute 'grid_mode' of the grid. 1=='default',2=='initialization'
  0.0000000000000000 # Attribute 'small_contrib_threshold' of the grid.
  0.5000000000000000 # Attribute 'damping_power' of the grid.
 # binID   n_entries weight   weight_sqr   abs_weight
    10   10   3.708168667312543E+002   3.969411908372204E+005   3.708168667312543E+002
    11   10   3.708168667312535E+002   3.969411908372173E+005   3.708168667312535E+002
  </DiscreteSampler_grid>
