 -0.00000000000305903  0.00000000009093806  0.00000000036211432  0.00000000074221427
  0.00000000122303730  0.00000000174960402  0.00000000230652181  0.00000000291014670
  0.00000000356517303  0.00000000426362555  0.00000000497316551  0.00000000569189174
  0.00000000645615593  0.00000000723379706  0.00000000803425402  0.00000000888184056
  0.00000000975065222  0.00000001062022496  0.00000001149374789  0.00000001241060901
  0.00000001336824572  0.00000001430998821  0.00000001525048418  0.00000001617827187
  0.00000001712469076  0.00000001817071764  0.00000001924503053  0.00000002033671505
  0.00000002144391366  0.00000002253269665  0.00000002360679001  0.00000002470341816
  0.00000002585272573  0.00000002702692955  0.00000002820784365  0.00000002940395753
  0.00000003060479233  0.00000003180846193  0.00000003302874555  0.00000003425716046
  0.00000003550459938  0.00000003680128507  0.00000003815314037  0.00000003954359395
  0.00000004095114194  0.00000004235727819  0.00000004375138356  0.00000004515163563
  0.00000004655351864  0.00000004797052916  0.00000004939051689  0.00000005081592533
  0.00000005225142486  0.00000005372636989  0.00000005527437006  0.00000005689814255
  0.00000005857248999  0.00000006028179584  0.00000006204659686  0.00000006385379285
  0.00000006573977291  0.00000006766202801  0.00000006958552857  0.00000007151849825
  0.00000007342315368  0.00000007536401283  0.00000007740794158  0.00000007958074410
  0.00000008186667485  0.00000008422625389  0.00000008664473739  0.00000008904428147
  0.00000009147434014  0.00000009392881396  0.00000009644554905  0.00000009906060337
  0.00000010178470422  0.00000010461613886  0.00000010753184920  0.00000011047078195
  0.00000011344900698  0.00000011670958588  0.00000012051826146  0.00000012435397790
  0.00000012844287275  0.00000013286446065  0.00000013762886284  0.00000014270945665
  0.00000014813835653  0.00000015396551550  0.00000016040273715  0.00000016826937172
  0.00000017928655214  0.00000019691128804  0.00000021614277645  1.00000000000000000
  0.00934171364340017  0.01660599601584337  0.02690209310752207  0.03877881697584940
  0.04981289920783204  0.06073950879520269  0.07130441795446152  0.08225367348402382
  0.09358139281861426  0.10459494559278257  0.11465120324130025  0.12428108628090605
  0.13416180920275614  0.14426440112558359  0.15482248756366926  0.16524712496948041
  0.17524120076294208  0.18505202634122267  0.19504286154657011  0.20506387224340050
  0.21493764225604711  0.22510459636938646  0.23588057463199213  0.24683258404848754
  0.25722944759486888  0.26765530142516514  0.27852360402670490  0.28968343739758134
  0.30071891134734580  0.31171863128839838  0.32258125678746213  0.33326175258446866
  0.34351774628662035  0.35386004628630291  0.36453889827380903  0.37531110971204629
  0.38576671002441676  0.39610893792077739  0.40678244284675746  0.41780671081408616
  0.42886632545560588  0.43973031397724488  0.45033873526822238  0.46072674918168116
  0.47106140076954384  0.48161658900784066  0.49235311854828301  0.50315874559731499
  0.51395026302289359  0.52483438568732443  0.53579071590588234  0.54661697573401669
  0.55717983155238959  0.56762503728939528  0.57801731707081927  0.58844677457052375
  0.59915558045158890  0.61030384247950753  0.62181349981553058  0.63328609736522135
  0.64456341458525290  0.65571128197120776  0.66659626022399154  0.67684718203132566
  0.68630837482688900  0.69573597383622809  0.70533663907318467  0.71539769550092014
  0.72553959628270770  0.73648902596579113  0.74770450714904257  0.75833849898932504
  0.76868234450112871  0.77986211923023574  0.79117232268468918  0.80212238207599951
  0.81265851423378832  0.82284259763355483  0.83312720099321003  0.84315815346998879
  0.85308349608739809  0.86317635979531171  0.87328121179704188  0.88341350752977410
  0.89341671112549925  0.90316117023448983  0.91303943432273826  0.92307378617566649
  0.93381234939729396  0.94391616869223161  0.95343070084561998  0.96291902932387607
  0.97295603480585557  0.98212995983326412  0.99130450971791118  1.00000000000000000
  0.00898712424165155  0.01795610563794905  0.02708791503606100  0.03835762187970293
  0.04890000836821509  0.05967331948561040  0.07036304915867675  0.08113146126000312
  0.09227683861655141  0.10396697384477882  0.11463169585704393  0.12532866174500998
  0.13650771817550611  0.14784404079533686  0.15847530623620612  0.16961633742726501
  0.18169650266735449  0.19344983878380911  0.20467784680989076  0.21604615021991838
  0.22750638530261591  0.23879876082683316  0.25033460587844897  0.26228951815239065
  0.27404195910618562  0.28498140417109452  0.29526482044855673  0.30528466975735052
  0.31505626933333697  0.32463567483680167  0.33424777240753878  0.34414914574596661
  0.35427561563905730  0.36468980223710423  0.37526131233337862  0.38588219838968629
  0.39647772335129594  0.40698901686472544  0.41725082266714786  0.42739320485830118
  0.43738590527232635  0.44764187715751619  0.45807613859708074  0.46875493419715275
  0.47942518609037693  0.49006149759625783  0.50061903901819726  0.51100161090201790
  0.52109870851974849  0.53098567067264035  0.54083019373057117  0.55091888028245228
  0.56057955545080318  0.57096497520539191  0.58179963108191357  0.59295284018849070
  0.60434981540982258  0.61572083327726823  0.62683954232446959  0.63766027144450588
  0.64834245220559950  0.65903730826932438  0.66960912134238804  0.67988479447889627
  0.69002081030563667  0.70033358802054013  0.71089003347920221  0.72152593267421639
  0.73206700743348896  0.74250357752255602  0.75293727680595268  0.76322233224137448
  0.77335084007950028  0.78350306952129234  0.79389435111990336  0.80432837810078628
  0.81453183536304641  0.82438113257212187  0.83416606296476070  0.84429046824638843
  0.85471778358655937  0.86530283969955224  0.87568398471721487  0.88566441943182550
  0.89533044768519343  0.90480116894424767  0.91443128701346632  0.92457115735238660
  0.93492795489010594  0.94541310273089552  0.95571219795387474  0.96551372231950938
  0.97498618485407684  0.98456374599296392  0.99043538603053993  1.00000000000000000
  0.00003859123411627  0.00004058494053332  0.00004241812483605  0.00004444422552951
  0.00004643560065650  0.00004845511953311  0.00005052645867204  0.00005264713454352
  0.00005481852507160  0.00005710125294451  0.00005950660623139  0.00006194419776193
  0.00006451904381344  0.00006733796402483  0.00007024592184738  0.00007319879124675
  0.00007625031217410  0.00007942242934870  0.00008267867239959  0.00008602260772793
  0.00008953602770053  0.00009316279575584  0.00009683899813164  0.00010063518642384
  0.00010469305141928  0.00010899833135639  0.00011335405827650  0.00011762447151996
  0.00012200068545083  0.00012647561427751  0.00013101323159527  0.00013575948052083
  0.00014092836104342  0.00014642421720795  0.00015199759937397  0.00015765506003199
  0.00016350470120696  0.00016953106366499  0.00017569549109768  0.00018193486477552
  0.00018836344492329  0.00019510060027069  0.00020189261870930  0.00020887222463365
  0.00021602859823479  0.00022373657796381  0.00023179829903337  0.00024004232108987
  0.00024869816865993  0.00025802347202370  0.00026787127583518  0.00027803138119238
  0.00028807455890497  0.00029932807882278  0.00031112189692025  0.00032281541120882
  0.00033482225616219  0.00034776239004226  0.00036152984489914  0.00037608988540388
  0.00039185212765963  0.00040936201633614  0.00042774285062776  0.00044677354270665
  0.00046705387428017  0.00048890607223245  0.00051174847564351  0.00053480077683134
  0.00055873407821492  0.00058390313907509  0.00061015225449626  0.00064083466299212
  0.00067691965541449  0.00071417580120036  0.00075296474875554  0.00079352449338474
  0.00083204396709789  0.00088141244571613  0.00093119530684943  0.00098788253459088
  0.00105042841488471  0.00111560894597032  0.00119037492505160  0.00127330941604429
  0.00136954868144708  0.00147513088349465  0.00160643705701396  0.00176540330848643
  0.00195078669581892  0.00216338738369494  0.00241248847507380  0.00273689741367792
  0.00320478879594976  0.00499070612623956  0.07922863253784311  1.00000000000000000
 -0.00252344684617739  0.00978815715447731  0.02049070336358887  0.03121396530485148
  0.04195767347118925  0.05257482789537798  0.06275900533429477  0.07275609183413535
  0.08303242686740550  0.09346781297288617  0.10418742264354579  0.11469025826028482
  0.12481450203132262  0.13464059785435209  0.14447894642925951  0.15458520890146138
  0.16462765569879484  0.17469243257259878  0.18472315054039404  0.19496649457714221
  0.20541076007877337  0.21579841364256938  0.22587079058754306  0.23593675585503110
  0.24571164741926566  0.25559808664850703  0.26543218299652982  0.27608198656769695
  0.28748547330768093  0.29825204274233735  0.30861374387149848  0.31925086935222269
  0.32995295623393534  0.34035609669629840  0.35057216929186708  0.36116628350034591
  0.37206886651058207  0.38294468187424746  0.39382436663067177  0.40473253537137283
  0.41534205077451797  0.42587499486468905  0.43639660550557829  0.44707912488548229
  0.45789959358145221  0.46875367235172305  0.47935733580648082  0.48961379715246006
  0.49965672795995902  0.50925071432845515  0.51904110040125395  0.52910145720049229
  0.53916083609176890  0.54943845122477686  0.55964906628466760  0.57004333277863128
  0.58062868353137609  0.59128902865945565  0.60190247515814488  0.61261831820406731
  0.62305379380079695  0.63335668195949191  0.64321422970432462  0.65331065232092789
  0.66370968183111467  0.67434254215215184  0.68526981647703655  0.69626389449431503
  0.70737413502063451  0.71832071026807098  0.72915433754300951  0.73959310851114646
  0.74982350494152783  0.76048244821877120  0.77106953190334060  0.78134318904102273
  0.79156521094948473  0.80247728105893001  0.81381153648613458  0.82524305053199098
  0.83679264080688220  0.84858282015316355  0.86050958261724086  0.87222374757396870
  0.88396628936451016  0.89547720769808814  0.90571588090710020  0.91600688433098099
  0.92630136301580879  0.93616408513327065  0.94641621198029058  0.95676446583589092
  0.96783482579688318  0.97883904454777992  0.98938549532400455  1.00000000000000000
 -0.00255268981209078  0.00984110347870243  0.02072049833257074  0.03200065370195571
  0.04292132756253605  0.05371620887652063  0.06430990765196681  0.07494908319649402
  0.08599023385712988  0.09707856595618591  0.10784502036923213  0.11835506690798206
  0.12862345348888635  0.13888005123342503  0.14921482079213616  0.15959583472603814
  0.17014896652871456  0.18077146777109618  0.19112397132649503  0.20119907082806326
  0.21142246695433672  0.22173020660228940  0.23242927428385080  0.24236635461357933
  0.25316472569331216  0.26438003566261309  0.27558493480307550  0.28693933934821947
  0.29829102641251865  0.30971168521648701  0.32088818047576045  0.33185505103920787
  0.34275711674977383  0.35357113667290030  0.36396845295806457  0.37396323417402605
  0.38359253090946943  0.39309774964480387  0.40272607846410624  0.41265760875313462
  0.42305065539702985  0.43405680310410943  0.44448765749942148  0.45488533922818608
  0.46488314110697393  0.47495745546911772  0.48456584057395452  0.49399818112817184
  0.50383371168097013  0.51486734624027175  0.52599558895350240  0.53665596322706210
  0.54692986458066761  0.55653189764755773  0.56637261711895248  0.57624764012658924
  0.58657385024906583  0.59708075966963436  0.60743063369147499  0.61789258599893004
  0.62827931451615304  0.63894629082473353  0.64995489422219233  0.66122067971392762
  0.67268780455504829  0.68421509824778259  0.69525003300660437  0.70596150385749834
  0.71670015747633464  0.72724756734468843  0.73778799872485767  0.74806551342426886
  0.75862984093431374  0.76908696751792660  0.77914341169611856  0.78913485883136902
  0.79932836545348529  0.80992216001057793  0.82043526653572885  0.83081376159929499
  0.84125390265487909  0.85206484927268544  0.86268946802622215  0.87311098105845630
  0.88341201498809885  0.89373368848886514  0.90428728715143325  0.91453461433696104
  0.92463357380564204  0.93479315095651117  0.94573799596231800  0.95716173710863273
  0.96743979497587584  0.97815818422249812  0.98873251184280120  1.00000000000000000
 -0.00237728652718814  0.00942258072536502  0.01960229840473802  0.02996972231627652
  0.03994849316359081  0.05062642135640542  0.06081996848720656  0.07140789620239665
  0.08160465921616157  0.09226729209461958  0.10289471658279997  0.11298688613438075
  0.12293957452392699  0.13332563267582553  0.14402690400588353  0.15480062893946078
  0.16507202109298164  0.17572728106521793  0.18637521281895586  0.19714891643671315
  0.20796994412259084  0.21882935451631189  0.23003303269937450  0.24098763226107484
  0.25189047517459301  0.26197833185121272  0.27197976153154163  0.28181775464171088
  0.29177314366376905  0.30139342065065461  0.31095361964974388  0.32062958077070991
  0.33047813054345915  0.34067440448561492  0.35106002501134642  0.36131720506473747
  0.37136411450065548  0.38142264749370564  0.39170289097466349  0.40181390957867130
  0.41155720652196748  0.42129365918091238  0.43131608856896014  0.44153637162666565
  0.45203120556883414  0.46317604214476799  0.47502432369916497  0.48689079524284290
  0.49845449512646622  0.50937103062117794  0.51993543108237339  0.53057204833409088
  0.54132331370637721  0.55213752010242279  0.56280621508103790  0.57328611249176176
  0.58394474385445416  0.59493925952563664  0.60627608484637541  0.61762455356704993
  0.62878366518699891  0.63999297300926239  0.65062217033815228  0.66065743777384700
  0.67090005555792209  0.68076492266670907  0.69068255684514201  0.70090926603295611
  0.71161038162659696  0.72262124696420005  0.73393887112569667  0.74507415294712975
  0.75625491158703895  0.76673755648130093  0.77708624758228539  0.78745261492679219
  0.79797374736212245  0.80853696975881406  0.81892487298593963  0.82909585160133847
  0.83946899565189881  0.85016707968746341  0.86111444745886412  0.87191271701358863
  0.88332477915603758  0.89411603402586726  0.90438690978612446  0.91441934087072263
  0.92514621133228769  0.93612955650006968  0.94697284051820085  0.95730039023587699
  0.96799117439993843  0.97899247106589316  0.98943265212105524  1.00000000000000000
 -0.00232750192117779  0.00954136452759632  0.01941288547201337  0.03005812872306603
  0.04051978064760275  0.05087075298619115  0.06121985276868978  0.07145692713680964
  0.08194741333632631  0.09232682853726078  0.10261927282415952  0.11279287141759289
  0.12314580002461906  0.13367442768574483  0.14439194903840488  0.15506362716848249
  0.16616645159743598  0.17715255671745803  0.18814620828974815  0.19866004127423070
  0.20979587646254835  0.22066665547199518  0.23172357055380549  0.24242099852491189
  0.25313806000617439  0.26364055241536455  0.27416279769033547  0.28487596325258835
  0.29564206834614704  0.30628331674862652  0.31705928065397848  0.32791555156742985
  0.33890695155694239  0.35001953963165877  0.36099401854377888  0.37179530334582400
  0.38254629263902118  0.39346761495227567  0.40444328252237610  0.41518983409905486
  0.42561901117752449  0.43584515916559058  0.44589720021270013  0.45577833451979827
  0.46549901493025425  0.47509370517512350  0.48482793290055487  0.49455356978088277
  0.50490373721158965  0.51592511084823833  0.52704746095296229  0.53833552906525872
  0.54975803337801810  0.56124750770564602  0.57276736411705120  0.58393369914807103
  0.59466620987712404  0.60516702000309996  0.61572391287607831  0.62622341938794701
  0.63619299070079716  0.64576741685968952  0.65546653958583012  0.66543477429924558
  0.67545718396041721  0.68569453090851962  0.69648002471874182  0.70737011570531205
  0.71828143457926508  0.72929012250305925  0.74052301792225961  0.75149197729990469
  0.76214386370437048  0.77318101855133237  0.78429150973073836  0.79507790241378151
  0.80552864735972463  0.81594258821096666  0.82674510924685329  0.83699733509700158
  0.84653105826527320  0.85623827063714752  0.86630864634653837  0.87646251489121429
  0.88630452225480871  0.89617736445904250  0.90621753984793640  0.91618314387332156
  0.92587475940856523  0.93570884061619075  0.94628045091301083  0.95669604804147379
  0.96721503851718515  0.97779369662824211  0.98900302277747787  1.00000000000000000
 -0.00233697336916081  0.00901329926907547  0.01934085029672930  0.02995652409186991
  0.04055568200716266  0.05066031151951408  0.06113656535392502  0.07189461344119748
  0.08253670417497906  0.09315490436157642  0.10282191800657459  0.11402949823762049
  0.12514560211878351  0.13705195838128045  0.14875918635261315  0.16004742982938386
  0.17102989748865757  0.18180126000415323  0.19259626980946415  0.20381246736624106
  0.21525188355603259  0.22664285675776980  0.23753486054495529  0.24792586156917903
  0.25821021017888057  0.26856526998130587  0.27904382369244241  0.28948664540141439
  0.30027378513750352  0.31141871505098617  0.32245763193451565  0.33318320636180160
  0.34363439806234886  0.35399113207155541  0.36437371502840898  0.37469729022153203
  0.38512222656183698  0.39579108798706542  0.40634654342057375  0.41662384823258508
  0.42684788554782649  0.43690483894984444  0.44716600959242420  0.45719496771680068
  0.46749963674430312  0.47797489632297074  0.48845491983899503  0.49868913148617777
  0.50876377596518874  0.51885010659785247  0.52899714994488367  0.53909507156226910
  0.54926365903925589  0.55974896004537111  0.57040290228161772  0.58134380657231954
  0.59254179345364999  0.60395577438889769  0.61496297563649094  0.62592907085337790
  0.63660413441800412  0.64730375209065738  0.65793720314832971  0.66826134368516510
  0.67805015034906080  0.68785609565829275  0.69783861298603655  0.70800889461374983
  0.71806195478482360  0.72873952664413622  0.74000523804787155  0.75114820599420518
  0.76175886423528716  0.77232596154364686  0.78334900227958859  0.79424312382412954
  0.80481911811715545  0.81513210113222045  0.82524677880991681  0.83519209857550858
  0.84491158395227550  0.85470113788308832  0.86481645988533151  0.87544777435074339
  0.88659600585127885  0.89744114131321995  0.90768108143501869  0.91763142201825521
  0.92752804850888459  0.93758939665300611  0.94763819987234588  0.95737159794724547
  0.96780880598752983  0.97856689321881507  0.98935696772114112  1.00000000000000000
 -0.00189450679988523  0.00812864073083845  0.01661061905802090  0.02580803369453295
  0.03503974976321549  0.04461242462638104  0.05461577688432948  0.06508913592189144
  0.07603701339062427  0.08706374836851438  0.09797742258381437  0.10880571683350169
  0.11954671938326039  0.13012222956482830  0.14057694357010889  0.15101909153685419
  0.16172952662745158  0.17261429447609197  0.18341786627168319  0.19433150806973257
  0.20523679802227113  0.21641905502929953  0.22779467002465206  0.24056992832169713
  0.25287938960616319  0.26469661317103221  0.27610253451224659  0.28727907120947832
  0.29823495520175475  0.30888424248814306  0.31944577627242970  0.32986056522190732
  0.34007256356108295  0.35015345149836169  0.36021994385701922  0.37045996493245020
  0.38103295098967682  0.39167732035312985  0.40221571643549420  0.41263585642707618
  0.42314097850037569  0.43407529659827648  0.44514459056454797  0.45636676808641174
  0.46749783107945020  0.47821752668967876  0.48867710279651372  0.49894052133023875
  0.50930714074903061  0.51966327920422772  0.53015478820294060  0.54097101055701846
  0.55216313765653546  0.56335399009553822  0.57421308972991336  0.58501294197455000
  0.59594831696927764  0.60715932296923392  0.61831584974904985  0.62932898136935034
  0.64012800360311917  0.65063718856629249  0.66086348694371055  0.67135312468360986
  0.68195190006929518  0.69235043461919465  0.70245710132463457  0.71268208652223242
  0.72306860072864221  0.73326794630632475  0.74322408965813402  0.75338722074510078
  0.76378220416897780  0.77413676353053595  0.78415626625864920  0.79402443494930386
  0.80362152716852231  0.81316364989826484  0.82291197802071825  0.83300976584229958
  0.84301512836857773  0.85294406228654374  0.86277788797418897  0.87271842855563864
  0.88285906843906947  0.89326607895235655  0.90423614283162468  0.91517562287094711
  0.92594916407925487  0.93664876842234324  0.94695714399871767  0.95725615935215702
  0.96766411823771070  0.97812657928123425  0.98901539855404730  1.00000000000000000
 -0.00249782715331622  0.00939662309845322  0.01980130852907289  0.03059291668051963
  0.04146958356195709  0.05229451926188545  0.06277490144802489  0.07237759634119723
  0.08253117142887857  0.09335338701353721  0.10391393617279938  0.11354619852848331
  0.12343964149687749  0.13355520196722265  0.14362700858052144  0.15331835729297316
  0.16298821612805933  0.17288502014973850  0.18308475608882688  0.19315481498585219
  0.20312047928113486  0.21327385591110656  0.22344662199479498  0.23357425033124990
  0.24371060009520029  0.25379573263225691  0.26368169826669963  0.27332603209642037
  0.28314199896493786  0.29320782136538692  0.30328695045848941  0.31331914252557214
  0.32339555296088129  0.33374966202849066  0.34435049612307123  0.35542958120538398
  0.36687942802230011  0.37825384889279101  0.38888676162584840  0.39910404025793178
  0.40910460546352567  0.41924135530516898  0.42988132320532108  0.44112764545677374
  0.45252848609975660  0.46373536821596550  0.47505933707560644  0.48623067822172134
  0.49726948197708565  0.50794462077209623  0.51847462255848842  0.52904690479046601
  0.53993256468308837  0.55056405851571166  0.56155493400246470  0.57178313393222147
  0.58209934207756542  0.59238428196359083  0.60277590779867996  0.61358820484892651
  0.62452063585965267  0.63651252593606311  0.64839639263555571  0.65912292645783144
  0.66969944437176787  0.67993681012549856  0.69065099535875751  0.70104822328186955
  0.71110494150006542  0.72131920838680241  0.73178655144282467  0.74284630960578490
  0.75362829241859131  0.76465196614616815  0.77519182154355970  0.78536043515337239
  0.79571650140931449  0.80632396924739702  0.81682495206817463  0.82756661012270771
  0.83872489134888228  0.85021655336721547  0.86114473894225796  0.87160515357912005
  0.88237063119514314  0.89346650296873598  0.90401548309581836  0.91445939101943030
  0.92459405420122809  0.93473021496139330  0.94487004195599489  0.95507760195365465
  0.96589635107001881  0.97734471137496925  0.98868467153395667  1.00000000000000000
  0.69943770716226839  0.70053890697720567  0.70236742793368945  0.70417502019333067
  0.70597463412288119  0.70788265137553852  0.71011650655740599  0.71249528608280244
  0.71479348274456656  0.71703494379583677  0.71928614160864179  0.72154392371095522
  0.72378435542146535  0.72601233344677185  0.72821788876452598  0.73042606055661852
  0.73268985561772537  0.73501760834757668  0.73737661981171398  0.73975583813882406
  0.74217026174023515  0.74461927552255891  0.74706519657037884  0.74942205674382412
  0.75177889749419269  0.75413224847448834  0.75650000166549003  0.75887558349054074
  0.76121658326418185  0.76355825676944644  0.76593229767324444  0.76831389216469836
  0.77073911816546770  0.77314355552924185  0.77551354736618683  0.77787976128267899
  0.78026975365344764  0.78272494542587756  0.78524788852191107  0.78778919244387147
  0.79030891031347572  0.79284613433305351  0.79544278618954845  0.79803929130441109
  0.80064515507277434  0.80330952774908171  0.80601775054251545  0.80872153959110493
  0.81138427742026020  0.81400566915689043  0.81662364297579915  0.81931533829643599
  0.82204453047719228  0.82477064433998337  0.82743318641153618  0.83005386094214140
  0.83266755185809893  0.83540584031866461  0.83823388640505014  0.84114664525185812
  0.84406045313394640  0.84698280964768402  0.84991325993699396  0.85279948900930502
  0.85569898090895125  0.85856798854264893  0.86148263951799597  0.86440704859214723
  0.86742618841755970  0.87049402730116121  0.87361362264236675  0.87671948684699885
  0.87986818594729166  0.88299698625733147  0.88620266335230313  0.88952637600008799
  0.89295515532523650  0.89646250014184958  0.90003476499132984  0.90357921296397259
  0.90712645761562494  0.91078023129982666  0.91457418037097171  0.91858060318219348
  0.92280219862247648  0.92705967510768350  0.93138788461054411  0.93580373429375918
  0.94056446462122056  0.94561242620024255  0.95095313706179718  0.95682195664571423
  0.96348821244492222  0.97131802403572598  0.98194975495837045  1.00000000000000000
 -0.01871042098892668  0.09264828369442686  0.13116226835056882  0.15826430533201707
  0.18150894391973652  0.20121122845330547  0.21841162412807627  0.23338328808076064
  0.24653566452786707  0.25841326868751069  0.26944733066509552  0.28007476282060384
  0.29021656369143700  0.29961776666572315  0.30834911038503598  0.31654725090492730
  0.32439144363310191  0.33209689914764795  0.33964438241491995  0.34697697139849892
  0.35395190101159862  0.36054090374436609  0.36697576777389218  0.37330398269468740
  0.37952436141134083  0.38556584792181980  0.39146351791116019  0.39718383592030593
  0.40283749704379762  0.40842617923105334  0.41387499137025752  0.41917527500436513
  0.42439239263347817  0.42965146090272238  0.43482648477344105  0.43994431088998720
  0.44499545418305259  0.45001630853636931  0.45509878890259037  0.46008632285075968
  0.46513955995061401  0.47006670504598608  0.47499838289397395  0.47996352551475446
  0.48487715870654319  0.48971267034376886  0.49441493242039436  0.49913343885419020
  0.50412136038298894  0.50921564763426563  0.51433012544652890  0.51943042583817600
  0.52454195705245121  0.52974015784464434  0.53507309089542199  0.54032482922353875
  0.54555685171775936  0.55068904953040976  0.55580909160476810  0.56103508146552028
  0.56636076674026725  0.57175390169339302  0.57720560756303696  0.58252837842983474
  0.58749389539021291  0.59240173434890064  0.59746915497181030  0.60277605638118625
  0.60813260486843179  0.61343261474939226  0.61875027756331424  0.62415605842934219
  0.62964076334965979  0.63512374101134683  0.64072505973477512  0.64665773980433749
  0.65318158751746913  0.65992693463607544  0.66659468713502223  0.67334193437241963
  0.68032911153234155  0.68769462908951196  0.69567882221760691  0.70397457208633119
  0.71226337145732443  0.72094345566312801  0.73021248025003227  0.74042444080996239
  0.75139231505660797  0.76342543994953049  0.77664728546861184  0.79179237738656927
  0.81037343494604219  0.83498072210293028  0.87444664127037075  1.00000000000000000
   5.6055195494043570E-014  -1.0000000000000000     
 T T F F F F T T T T F F F F T T T T T T T T T T T T T T T T T T T T T T T T T T T T T T T T T T T T F F F F T T T T F F F F T T T T F F F F T T T T F F F F T T T T T T T T T T T T T T T T T T T T T T T T T T T T T T T T T T T T F F F F T T T T F F F F T T T T F F F F T T T T F F F F T T T T T T T T T T T T T T T T T T T T T T T T T T T T T T T T T T T T F F F F T T T T F F F F T T T T F F F F T T T T F F F F T T T T T T T T T T T T T T T T T T T T T T T T T T T T T T T T T T T T F F F F T T T T F F F F T T
  <DiscreteSampler_grid>
  grouped_processes
  1 # 1 for a reference and 2 for a running grid.
  10 # Attribute 'min_bin_probing_points' of the grid.
  1 # Attribute 'grid_mode' of the grid. 1=='default',2=='initialization'
  0.0000000000000000 # Attribute 'small_contrib_threshold' of the grid.
  0.5000000000000000 # Attribute 'damping_power' of the grid.
 # binID   n_entries weight   weight_sqr   abs_weight
    13   10   1.052862601487226E+005   3.004419981437315E+010   1.052862601487226E+005
    14   10   1.052862601487210E+005   3.004419981437203E+010   1.052862601487210E+005
    16   10   1.052877845994946E+005   3.004489519368555E+010   1.052877845994946E+005
    17   10   1.052877845994936E+005   3.004489519368446E+010   1.052877845994936E+005
  </DiscreteSampler_grid>
