 -0.00000000001927314  0.00000000023581976  0.00000000070012146  0.00000000126809711
  0.00000000191226756  0.00000000261325445  0.00000000335207147  0.00000000410191708
  0.00000000486911923  0.00000000567599874  0.00000000651845889  0.00000000736034822
  0.00000000820509438  0.00000000907498596  0.00000000995409097  0.00000001085118050
  0.00000001178220900  0.00000001273135485  0.00000001367244240  0.00000001461948857
  0.00000001558951239  0.00000001658938369  0.00000001760987194  0.00000001864030990
  0.00000001967190124  0.00000002069867530  0.00000002173076312  0.00000002276623811
  0.00000002379145234  0.00000002486374960  0.00000002599057304  0.00000002714603283
  0.00000002830476107  0.00000002944939256  0.00000003060496506  0.00000003177486913
  0.00000003295952340  0.00000003414602060  0.00000003531439457  0.00000003652232673
  0.00000003780098850  0.00000003912551712  0.00000004045579492  0.00000004179701837
  0.00000004314112869  0.00000004450287226  0.00000004588354312  0.00000004727220529
  0.00000004867888632  0.00000005010822977  0.00000005154659340  0.00000005301393639
  0.00000005457111435  0.00000005621175549  0.00000005786879372  0.00000005952495219
  0.00000006119575722  0.00000006284425435  0.00000006448976317  0.00000006617522717
  0.00000006790471476  0.00000006968332620  0.00000007150680746  0.00000007337080778
  0.00000007524880809  0.00000007715696791  0.00000007913137191  0.00000008124252166
  0.00000008349782317  0.00000008576241644  0.00000008802822313  0.00000009032485575
  0.00000009266589556  0.00000009505817853  0.00000009750062445  0.00000009999873667
  0.00000010255857813  0.00000010522609040  0.00000010802255822  0.00000011090308753
  0.00000011384389367  0.00000011699070106  0.00000012048200398  0.00000012432223406
  0.00000012830109111  0.00000013243349251  0.00000013677094404  0.00000014137555621
  0.00000014641468560  0.00000015201958622  0.00000015830047729  0.00000016587358489
  0.00000017624759986  0.00000019387525044  0.00000021773361657  1.00000000000000000
  0.00891889175860532  0.01757927434355746  0.02895784689045366  0.03992156097390587
  0.05074488053814531  0.06141958741973122  0.07201662238368517  0.08262235047337504
  0.09319159003441950  0.10366538439989738  0.11454941885841179  0.12553528280259349
  0.13636009222784401  0.14714686666025759  0.15799908846935776  0.16840442378983742
  0.17824691524934627  0.18798353638277557  0.19801402191943487  0.20808338955524108
  0.21823773419623718  0.22877706827469144  0.23982502612445095  0.25086445122730877
  0.26181579335929306  0.27249008810581871  0.28276908535612028  0.29305469274917889
  0.30357916195150791  0.31417804832857416  0.32461935786517049  0.33503507723130954
  0.34555736183689267  0.35578752593829999  0.36560493161796875  0.37551736695594923
  0.38562351740228695  0.39562092644810970  0.40554512306025997  0.41541978286784276
  0.42548615419305119  0.43584359121822308  0.44625183068271956  0.45664197881093488
  0.46673378005517513  0.47665564498056301  0.48686434341107443  0.49715295464862957
  0.50733227218844867  0.51747349607202053  0.52808662511841642  0.53909480253872355
  0.54993013123467727  0.56059165614848794  0.57104866620742556  0.58141201045875279
  0.59168744656335726  0.60200379147890204  0.61241662205109026  0.62293838903262022
  0.63345790977632566  0.64407760466394415  0.65505042521262125  0.66650531537698454
  0.67789742711720280  0.68887835122674634  0.69894477694155632  0.70934421134734305
  0.71927301483143602  0.72953764757944206  0.73975023433898335  0.74991658355465307
  0.75985482143370575  0.76999721555957323  0.78047493918197586  0.79123974713360845
  0.80178293269222967  0.81254726878555206  0.82292678561912025  0.83363667198257008
  0.84483614025429321  0.85613484300420273  0.86626351170574334  0.87643679451933454
  0.88669537631680329  0.89773981759128596  0.90802434361656192  0.91878700477706432
  0.92910072256017895  0.93920601299869932  0.95021289858307589  0.96109547587865907
  0.97176676147941266  0.98142874158968885  0.99142086130595408  1.00000000000000000
  0.00917451664267772  0.01721579936344149  0.02714408362524668  0.03818736905632199
  0.04869936639232299  0.05975600414343263  0.07081159098099712  0.08152539407134099
  0.09306067997912794  0.10438761061791155  0.11503538712995255  0.12571154397684869
  0.13647183272650751  0.14721388714991920  0.15787528847622800  0.16841679880519864
  0.17942236611097712  0.19028806655444466  0.20078727909714994  0.21130748357068943
  0.22177894615851565  0.23253807354706812  0.24344870480153419  0.25427618400195418
  0.26473648785781917  0.27472477620305608  0.28467932878958674  0.29492067449608400
  0.30511811993084181  0.31504835150414184  0.32500228758147665  0.33544840469747861
  0.34584515147839945  0.35654269406591560  0.36725646618770791  0.37812804336255385
  0.38884221484700476  0.39924335890539803  0.40938324346107724  0.41949132886525792
  0.42951733287483629  0.43959228878640622  0.44993617522310259  0.45988342048109399
  0.47083802988349893  0.48142196610948729  0.49175392869922896  0.50209287028227767
  0.51208118237441613  0.52225515562723834  0.53242041790013384  0.54257567638001769
  0.55355371686516774  0.56453469962161296  0.57517096696549364  0.58593090299617756
  0.59692720993886605  0.60758966974560125  0.61783348018365880  0.62806854462534134
  0.63830294750419303  0.64882007324394342  0.65958863034491055  0.66998632031294847
  0.67995189460464989  0.69005421035920289  0.69988231793935773  0.70958566118281230
  0.71987509358796520  0.72963607134967834  0.74052943398734861  0.75120462351004735
  0.76234898773369519  0.77270184150345889  0.78321064930737772  0.79372034744240738
  0.80443779612207800  0.81487629898644220  0.82489703577944407  0.83529785851198735
  0.84579859263342894  0.85601474630967889  0.86585691389851616  0.87596181902692094
  0.88645982353432473  0.89740490347503021  0.90804702417219674  0.91896428612442360
  0.93029545442988693  0.94127908796414472  0.95256573321998028  0.96272300593496007
  0.97285302417184993  0.98292784244940568  0.99101174348796528  1.00000000000000000
 -0.00236436167148950  0.00929489184035401  0.01947444643805722  0.03035200297305284
  0.04114525357294717  0.05164476140589085  0.06208331430051788  0.07235557367773236
  0.08260738403182390  0.09305747150508870  0.10374204038896623  0.11445067346259397
  0.12508808805763311  0.13591518583988271  0.14656905971839315  0.15701906069231814
  0.16769965964306671  0.17882213187084636  0.18969628447075132  0.20036557582015060
  0.21085992100342155  0.22109544449217394  0.23103011815039420  0.24106284246240695
  0.25115303860744814  0.26166001815867279  0.27198225173194096  0.28258592392519555
  0.29315725315010827  0.30366672787484700  0.31432770293094958  0.32516799093503246
  0.33563806052217421  0.34588564875747152  0.35615278586623994  0.36673018680817487
  0.37676745502232339  0.38673918674392915  0.39666797809957843  0.40787051305619143
  0.41915607230342661  0.42969248078248024  0.44084275628204583  0.45195919418577496
  0.46339308850946626  0.47494841418128536  0.48623843352174712  0.49722082595807227
  0.50828126614956370  0.51955264750725372  0.53102491575698618  0.54235748914979132
  0.55331671031101481  0.56385168560578725  0.57397907339091270  0.58389150500303033
  0.59365182299358465  0.60342252138494434  0.61321265643321021  0.62297987761736651
  0.63300328333813793  0.64308990745029027  0.65330067243775591  0.66353595930718001
  0.67420144788755565  0.68510414094977723  0.69506707718308369  0.70486500010933273
  0.71461728944984593  0.72456953413949310  0.73434022948149091  0.74419655274243579
  0.75414593915161265  0.76452047717084082  0.77514335869749407  0.78605660335930627
  0.79718630017104908  0.80811831044407167  0.81879230507957679  0.82944450514303703
  0.84007915473783257  0.85065816843240327  0.86118594928867176  0.87188746595302935
  0.88290130862252403  0.89441852299243407  0.90577824620037450  0.91674599123794720
  0.92753250827959244  0.93807782733992962  0.94894672915038114  0.95939118119818445
  0.96950581605361386  0.97966925564467233  0.98989243359143186  1.00000000000000000
 -0.00244528790541086  0.00954352614455335  0.01952496290763981  0.03053649927046104
  0.04104807866390361  0.05208879416068962  0.06303850883477083  0.07419802614787452
  0.08482824057332648  0.09504835482315617  0.10520070021026945  0.11510867890021134
  0.12537363908657231  0.13545432881316558  0.14525503409413873  0.15566239592689340
  0.16605908198269925  0.17674935431096150  0.18745688643365965  0.19865819679050437
  0.20958868641377007  0.22019920303292145  0.23089864401406796  0.24149142865405804
  0.25180497836407795  0.26232881201895586  0.27256021437373562  0.28340121422053977
  0.29395965794140189  0.30454693378685521  0.31511200048771992  0.32512735371140472
  0.33521624641263020  0.34457752298971678  0.35438009869362191  0.36433834733652393
  0.37446229574605799  0.38445880093854329  0.39463308549854675  0.40513723489944697
  0.41596074968203456  0.42692391233016941  0.43807341402642958  0.44936359161463751
  0.46047627971976007  0.47119987101170469  0.48167483660142457  0.49185624019094287
  0.50181196181239529  0.51179643538561559  0.52212905278018551  0.53300364169856962
  0.54403033810037404  0.55481944314619169  0.56528479635564077  0.57537343847994671
  0.58565702652197138  0.59593383358650320  0.60628265917171276  0.61665798620324319
  0.62711923717499263  0.63781401839066876  0.64860231070790142  0.65948054923645616
  0.67015664524717300  0.68064318919824562  0.69134822992302969  0.70234987829731232
  0.71330932059967100  0.72384857108419820  0.73416013565906180  0.74423529987582460
  0.75444105160668318  0.76474289452942534  0.77525629896683346  0.78590329020855010
  0.79681863013799481  0.80781426300649217  0.81875065143264936  0.82959191823017719
  0.84035547614551387  0.85152920010645150  0.86218101360809751  0.87335654600192214
  0.88349448607166925  0.89436208335107825  0.90468358268045201  0.91460940043214412
  0.92469877494533104  0.93491875076391562  0.94597552547738606  0.95695923543454786
  0.96767452203980875  0.97843518191130663  0.98927768368450497  1.00000000000000000
 -0.00248464908670092  0.00933697488806297  0.02014336307533128  0.03050825991358186
  0.04103509086085656  0.05179560379313855  0.06259352828607902  0.07337120839851478
  0.08450617830207631  0.09583660145488342  0.10695258666819914  0.11774754517181689
  0.12846332985202580  0.13917464588045353  0.14997058682932890  0.16067718760555791
  0.17137604580437807  0.18196622568477611  0.19270536834793478  0.20355408830058005
  0.21437436290313081  0.22504579928170654  0.23579568585248789  0.24649128425274566
  0.25682719002710985  0.26683993877485812  0.27676748131959517  0.28676567274913783
  0.29681315345728093  0.30702627154306383  0.31751382150800389  0.32816671529709102
  0.33907780615398808  0.35016375123621191  0.36094824385526325  0.37135038851208840
  0.38124535790251413  0.39093752851423608  0.40088041260096435  0.41101613617118676
  0.42131765363871893  0.43136599406583137  0.44163494421458843  0.45202365006620254
  0.46246422906713902  0.47313590519501719  0.48382320109281285  0.49405881672159124
  0.50415815420298216  0.51420422553169776  0.52468227375454246  0.53527242118805707
  0.54575334012967724  0.55655775077348058  0.56728259137441783  0.57827507784479826
  0.58915701921257058  0.60006055899501598  0.61081399501314382  0.62183965903294380
  0.63316659558808031  0.64413460944976697  0.65458829598016754  0.66486325618628761
  0.67548317775090894  0.68635293289583388  0.69724692977047631  0.70821399182476008
  0.71927970343952130  0.73013158288567259  0.74071878718010509  0.75121777652968846
  0.76136637558236142  0.77128772938324719  0.78090630013419815  0.79070043841293780
  0.80112085827037238  0.81198226437193777  0.82273947400981462  0.83268679212954211
  0.84237500993057446  0.85200610076203342  0.86265038313007925  0.87340604982120296
  0.88366887062260535  0.89398265623549789  0.90417744409901768  0.91457336488372476
  0.92485104285211983  0.93516575255971923  0.94568883473287346  0.95645415607753181
  0.96710755481505550  0.97812150171706302  0.98894290784292527  1.00000000000000000
 -0.00222573752006386  0.00871350374107928  0.01932318593049789  0.02987614230334428
  0.04069796734239465  0.05115533786508777  0.06150807219338286  0.07178224275183782
  0.08214165369964166  0.09198992879284065  0.10160075984060578  0.11138525066898333
  0.12158942015230087  0.13176540488487914  0.14200209631756536  0.15250678862854813
  0.16320271252406068  0.17363940215062657  0.18397080415005490  0.19499066908214363
  0.20615761022327117  0.21675206647921036  0.22712768528033170  0.23750578089465690
  0.24805362077129986  0.25852612591525348  0.26868352454709049  0.27912148954128518
  0.28975789463862717  0.30106890584882384  0.31268250130275360  0.32326215089867594
  0.33392795878199161  0.34466543370767821  0.35523002751040145  0.36540222363667935
  0.37522064594358817  0.38622605295258167  0.39695368072903886  0.40751330355426840
  0.41798884491171201  0.42874517522944028  0.43966174563767485  0.45050518088272845
  0.46098913269216346  0.47161667719732692  0.48230202897335700  0.49300485749976430
  0.50308816909498066  0.51284331784379356  0.52260155613982473  0.53254640479148907
  0.54255684216082145  0.55246716732648771  0.56262693110133077  0.57335576417293288
  0.58436226208923259  0.59497691885715609  0.60564239637899420  0.61665083563303469
  0.62740227354060285  0.63753419051734528  0.64807851991573784  0.65811120247650690
  0.66776021264913266  0.67734482882422642  0.68712264599960193  0.69731095447775160
  0.70771012409090850  0.71843566083038557  0.72932574906950398  0.73998054316696771
  0.75030861104264246  0.76040989662750791  0.77063426256058487  0.78098547615395042
  0.79149387936036864  0.80222736384581961  0.81308109746951163  0.82368264409372560
  0.83406320172701809  0.84464666452692805  0.85549474613160981  0.86638088154949122
  0.87726518258184216  0.88837996924905682  0.89967672556386558  0.91094592773962768
  0.92211892947852481  0.93317404387786818  0.94408730469008606  0.95500853991322210
  0.96594900330229472  0.97696303582022459  0.98821287659243662  1.00000000000000000
 -0.00196165145563316  0.00839481546323202  0.01739543438885064  0.02709432139475779
  0.03725848306460447  0.04752702361563797  0.05763236073441019  0.06759246338934777
  0.07768946165904834  0.08784216935410596  0.09807727064599767  0.10850765816348090
  0.11920767029184652  0.13010324007062166  0.14116089211864413  0.15202057330408508
  0.16261604511681679  0.17302317323261335  0.18313374620286180  0.19357367982577828
  0.20414715469229378  0.21485251158776963  0.22542493380972853  0.23603315600990035
  0.24679486226755587  0.25789637183920139  0.26935462409882505  0.28082662957389642
  0.29229517314756320  0.30340872468074537  0.31432937591216764  0.32477330619783751
  0.33513959894051443  0.34577791413250569  0.35615202271493768  0.36621473575189428
  0.37638351458380731  0.38701972600335338  0.39763047306599675  0.40776693896885891
  0.41806015032560190  0.42837980573993295  0.43884099535293281  0.44891850672958478
  0.45870858793742703  0.46851689930776663  0.47837055057405820  0.48853398810241122
  0.49897917850678292  0.50981114823102303  0.52073173015271557  0.53148344169982942
  0.54196253949326556  0.55254163293847547  0.56293079178275485  0.57323684357220006
  0.58373297681441316  0.59462719486152393  0.60590789406578371  0.61746845947330031
  0.62930256742842094  0.64113475626748551  0.65293208558972760  0.66446258129457381
  0.67544192862454022  0.68622282935424794  0.69710688411004718  0.70798882342145442
  0.71823891550052010  0.72840174211292641  0.73887557449503727  0.74947967375919278
  0.76001150278976559  0.76980967343173623  0.78042457205938753  0.79113910737181969
  0.80206129936350479  0.81327637953718279  0.82425393497979949  0.83502004306304001
  0.84558219870589979  0.85575588619993204  0.86557579592616718  0.87589891021852428
  0.88602458951560825  0.89618266371018585  0.90601220314657482  0.91616217785489851
  0.92610138893801375  0.93613159862635609  0.94658078713831506  0.95756630486742267
  0.96835056054410129  0.97850297745330039  0.98931738743513253  1.00000000000000000
 -0.00225581674289105  0.00905044762671540  0.01898008038230722  0.02942472274695958
  0.03953681805551691  0.04988727546147433  0.06052064043399828  0.07116066177623445
  0.08169979877126647  0.09228776030799905  0.10325410458137251  0.11390621782919956
  0.12458067552766496  0.13543553840587821  0.14663419012348067  0.15759492343596565
  0.16838659588732666  0.17858962347348351  0.18894568257583494  0.19882962613747757
  0.20864388933010627  0.21883995017330837  0.22962353761025098  0.24068160507023764
  0.25207361879406681  0.26254339620587935  0.27350906048356055  0.28436736289917813
  0.29500159072475562  0.30541133909147844  0.31613875904768540  0.32694301086698180
  0.33749493929336843  0.34786283688146852  0.35876538537432584  0.36991188097574040
  0.38082264376229852  0.39178166826771799  0.40258351989928992  0.41330820421924419
  0.42384151531743031  0.43451584154941830  0.44477416135624537  0.45472993341754681
  0.46458499211528437  0.47469535876362018  0.48488019105106239  0.49479203914229974
  0.50520657717527706  0.51588174998342851  0.52633525665370573  0.53772361060793339
  0.54757885654086791  0.55761243874587074  0.56763746263155967  0.57803183755433973
  0.58810663057320478  0.59790708028454842  0.60782067778489612  0.61778151828437999
  0.62743640719025007  0.63704396929387930  0.64685407603712541  0.65708387683208547
  0.66756351213773568  0.67835995180069641  0.68921668009492920  0.70008158690978461
  0.71082140957929707  0.72145543884623642  0.73219568571162741  0.74320611695112659
  0.75418640103605916  0.76482577772181337  0.77523205724905109  0.78576806650803110
  0.79650846776016782  0.80752692461813025  0.81863258412919993  0.83002493238125985
  0.84112643264311093  0.85208811303747867  0.86309198377145802  0.87397240159851541
  0.88489992528828099  0.89563755580780513  0.90654008652410623  0.91728067227029508
  0.92776919501706967  0.93818435789183596  0.94869179764780454  0.95900691526219795
  0.96922069014188994  0.97927298503334670  0.98976765511325904  1.00000000000000000
 -0.03884314571950022  0.23890758912306062  0.31381107347035997  0.35872531361106219
  0.39182558736925149  0.41822695337077925  0.44102201034514643  0.46153367814244212
  0.47992295612442681  0.49633988089803927  0.51101984464080552  0.52467467127536904
  0.53771301586407338  0.55017257625393889  0.56196590670610047  0.57250152402139620
  0.58261362223960655  0.59239538561438254  0.60184951094282702  0.61065122100074953
  0.61908184846769099  0.62752803024361337  0.63591966767155927  0.64395544169706698
  0.65161130004193679  0.65909910739199629  0.66644940142652642  0.67349092910240593
  0.68031854866981012  0.68698204344006952  0.69342054952606291  0.69967964521235460
  0.70575564527769163  0.71171408736059771  0.71760218916423069  0.72345216998591733
  0.72929603507580809  0.73499704088532714  0.74058942052378529  0.74607115632511789
  0.75122793239645280  0.75616180187112614  0.76092400894228218  0.76573275750617331
  0.77049144724034702  0.77515327596651629  0.77979466658579955  0.78443434621271046
  0.78909054266903589  0.79375140975369896  0.79835154685780862  0.80282735270109640
  0.80722510142375048  0.81160540309073348  0.81604845491889677  0.82058796576471260
  0.82500121445349506  0.82935802589496987  0.83371208583073086  0.83804515039425431
  0.84236577653778466  0.84663235071092036  0.85088813992205881  0.85514345309441742
  0.85945326918744669  0.86384624975506230  0.86818122468488579  0.87251836063106181
  0.87666139159083256  0.88071050224235869  0.88475594001968716  0.88866845683087403
  0.89266992392521993  0.89670064860682930  0.90084474647195589  0.90506728340998843
  0.90932236912763142  0.91357790040436182  0.91777708416449488  0.92183664393307208
  0.92573995343548199  0.92952365603028153  0.93333053039840952  0.93723421070009516
  0.94110410288053314  0.94506771045160010  0.94913439955552426  0.95336048195145651
  0.95761444679781760  0.96216259580882346  0.96690784650752282  0.97176469085738049
  0.97595688823595117  0.98157049538925722  0.98960296819335514  1.00000000000000000
 -0.00279694491955201  0.01017550757449602  0.02115348561379447  0.03180689250985964
  0.04219601276745176  0.05238689088388024  0.06246051219439985  0.07269160892996887
  0.08317933484386565  0.09386670751293665  0.10461476483437401  0.11559721621275322
  0.12672245499599741  0.13792541458177004  0.14855980035278138  0.15875245279674474
  0.16904314836810699  0.17956459311092823  0.19015888005099954  0.20054273387804006
  0.21117396451653003  0.22227057445068293  0.23327662640501332  0.24412707495273586
  0.25489249820902776  0.26597279215962605  0.27713060256944239  0.28816541310319205
  0.29894838962936615  0.30950160932090248  0.31988429505104288  0.33033331187309373
  0.34055008721727648  0.35076572386008092  0.36077376875407857  0.37086962936604184
  0.38090448761713175  0.39086482067956346  0.40080979624376656  0.41094934655409587
  0.42116201908576456  0.43134044690410922  0.44145682178133594  0.45184732842111619
  0.46262694909525326  0.47358740710807390  0.48451593144808280  0.49552695768264660
  0.50656920992027210  0.51767007435410939  0.52868843271161881  0.53961486025310479
  0.55018273704410381  0.56065164891535857  0.57143077876705550  0.58224663958787670
  0.59296615540617403  0.60344123729654453  0.61346431750679176  0.62349954538143182
  0.63348668104457739  0.64307754401239636  0.65267810977106844  0.66242491315026009
  0.67280186442377665  0.68327630345545365  0.69388313543671487  0.70463650455836524
  0.71482131759268386  0.72481999981491618  0.73484919450994257  0.74477189777692043
  0.75484990535453067  0.76468160661288531  0.77478726125694219  0.78541315998323680
  0.79636160685020507  0.80715176023070023  0.81797022823512955  0.82888234692457718
  0.83987799361500082  0.85106688176196743  0.86226524301726948  0.87376110438624865
  0.88460139667880966  0.89555468306136232  0.90693555960688343  0.91790479290627436
  0.92832738753044741  0.93886327805497938  0.94927553281622268  0.95951520753574449
  0.96943110568345270  0.97949921722855204  0.98993394312115490  1.00000000000000000
  0.69858982873349040  0.70227198918291123  0.70557592361850330  0.70857554024388669
  0.71172598853210978  0.71498337106752319  0.71818008199981653  0.72149064051888911
  0.72483288888392527  0.72812923695788545  0.73117537625960782  0.73409446555115443
  0.73698930814331109  0.73994603789093560  0.74289145430275905  0.74576578692003614
  0.74865555658659466  0.75160426950928494  0.75456857595104110  0.75746976245721287
  0.76028071240093731  0.76302335095102292  0.76573719788412109  0.76848650934371254
  0.77122875998985829  0.77392270259092422  0.77653264779156705  0.77906688235457089
  0.78159785005466009  0.78416623056994250  0.78677535296001133  0.78939495761154055
  0.79201186057935202  0.79461723509596605  0.79722380337354459  0.79978771365924672
  0.80232207273020906  0.80484189533009920  0.80736961047038225  0.80993520508297012
  0.81247210177164630  0.81501661149295479  0.81757146522270863  0.82013134382309727
  0.82266345647905004  0.82514500704320592  0.82765010932358174  0.83016488732792881
  0.83268679585884342  0.83519170069031967  0.83774181556275673  0.84023155876566380
  0.84272507916683903  0.84523102529936667  0.84767632687199157  0.85010269583432541
  0.85258143600611380  0.85502980509828230  0.85755336214946487  0.86003651487349753
  0.86253512322151393  0.86503825637537479  0.86761133625883990  0.87024424845470116
  0.87292460513461778  0.87559648670226575  0.87824657331494849  0.88085617029269214
  0.88347306423536609  0.88616091645988948  0.88894357927519652  0.89178113202791354
  0.89462449242947006  0.89747523829129516  0.90032282280287046  0.90319857846670359
  0.90609737730102924  0.90903856535313410  0.91199308786609901  0.91498937509692879
  0.91811516709658580  0.92138391239342443  0.92471461119171805  0.92815157990067609
  0.93175630112810104  0.93548181999511104  0.93927273726373661  0.94317062394258233
  0.94724651320076392  0.95150022398642198  0.95605095853925537  0.96124277714583695
  0.96720218746807574  0.97408368859300476  0.98372329438720674  1.00000000000000000
 -0.01415401693058301  0.06481593696840116  0.09232068753168148  0.10878461172965316
  0.12157090177910415  0.13228721066990523  0.14173994627649505  0.15043493115876833
  0.15836365873966013  0.16570552596772725  0.17268996951900928  0.17932711226931428
  0.18578483980685290  0.19207379356366991  0.19817129041195994  0.20414806315923653
  0.20993382890894938  0.21554516508575050  0.22105653326616015  0.22656080478288712
  0.23193654251100915  0.23717841067932979  0.24229824136058520  0.24738860920725719
  0.25247874129699149  0.25753497059951319  0.26254733572743272  0.26762939158450133
  0.27272979262068547  0.27787352167114271  0.28310977742664101  0.28842512238401768
  0.29376608618242117  0.29913144677688491  0.30452281199008868  0.30988559739662691
  0.31515941953945908  0.32031206913269616  0.32535792571851163  0.33037573993284208
  0.33543829098990402  0.34060559503375759  0.34584778574249581  0.35112482586429083
  0.35630848948408406  0.36140406285847476  0.36642664366549604  0.37144286258061399
  0.37654888539596099  0.38176940012839533  0.38713057928649269  0.39259247788525237
  0.39819391045329267  0.40390271967133473  0.40972738085158728  0.41558561206504024
  0.42149238474542478  0.42757832295328052  0.43364873698894130  0.43962742260048382
  0.44557079095110491  0.45154252948119850  0.45749735420067666  0.46335148106589902
  0.46922694681402555  0.47536246173911284  0.48168858185905322  0.48806824048696817
  0.49447193708140119  0.50094119277267646  0.50767829092383787  0.51458001656095409
  0.52183393252692101  0.52944623633675103  0.53717187515741960  0.54497017653219770
  0.55293276478215148  0.56108788131485898  0.56926780401219657  0.57764940498059092
  0.58637934303602379  0.59554762471048606  0.60525740673555573  0.61557281325463054
  0.62645745487217763  0.63800290146932004  0.65046346976694769  0.66367487847870488
  0.67766902941390783  0.69277884967277992  0.70933785594210075  0.72715779863557550
  0.74860811309288200  0.77826172680071082  0.82738542069093801  1.00000000000000000
   1.5895343605552498E-014  -1.0000000000000000     
 F F F F F F F F F F F F F F F F T T T T T T T T T T T T T T T T T T T T T T T T T T T T T T T T F F F F F F F F F F F F F F F F F F F F F F F F F F F F F F F F T T T T T T T T T T T T T T T T T T T T T T T T T T T T T T T T F F F F F F F F F F F F F F F F F F F F F F F F F F F F F F F F T T T T T T T T T T T T T T T T T T T T T T T T T T T T T T T T F F F F F F F F F F F F F F F F F F F F F F F F F F F F F F F F T T T T T T T T T T T T T T T T T T T T T T T T T T T T T T T T F F F F F F F F F F F F F F F F
  <DiscreteSampler_grid>
  grouped_processes
  1 # 1 for a reference and 2 for a running grid.
  10 # Attribute 'min_bin_probing_points' of the grid.
  1 # Attribute 'grid_mode' of the grid. 1=='default',2=='initialization'
  0.0000000000000000 # Attribute 'small_contrib_threshold' of the grid.
  0.5000000000000000 # Attribute 'damping_power' of the grid.
 # binID   n_entries weight   weight_sqr   abs_weight
    19   10   7.718630269288396E+003   3.402023402286667E+008   7.718630269288396E+003
    20   10   7.718630269288415E+003   3.402023402286666E+008   7.718630269288415E+003
    22   10   9.758879306081208E+003   5.438048554813092E+008   9.758879306081208E+003
    23   10   9.758879306081242E+003   5.438048554813094E+008   9.758879306081242E+003
    25   10   7.717408688626228E+003   3.401798843065031E+008   7.717408688626228E+003
    26   10   7.717408688626258E+003   3.401798843065047E+008   7.717408688626258E+003
    28   10   9.756947767491780E+003   5.437599640730523E+008   9.756947767491780E+003
    29   10   9.756947767491820E+003   5.437599640730563E+008   9.756947767491820E+003
  </DiscreteSampler_grid>
