 -0.00000000000284433  0.00000000008991710  0.00000000036962809  0.00000000073557628
  0.00000000120150203  0.00000000172079295  0.00000000228594068  0.00000000289579179
  0.00000000352437146  0.00000000420664124  0.00000000491505862  0.00000000564418478
  0.00000000646183014  0.00000000724853303  0.00000000804326819  0.00000000888108843
  0.00000000976042483  0.00000001065840675  0.00000001159238984  0.00000001257458677
  0.00000001357568378  0.00000001457101769  0.00000001553808829  0.00000001647280339
  0.00000001746362371  0.00000001851232622  0.00000001958921415  0.00000002065758660
  0.00000002170765515  0.00000002275132827  0.00000002377462956  0.00000002481770361
  0.00000002593039149  0.00000002707767720  0.00000002823635105  0.00000002942340467
  0.00000003063575435  0.00000003184945943  0.00000003305856913  0.00000003426430680
  0.00000003546098477  0.00000003671183173  0.00000003802792532  0.00000003939445931
  0.00000004077724422  0.00000004215956074  0.00000004356094452  0.00000004497132096
  0.00000004641148264  0.00000004787437753  0.00000004934356324  0.00000005081035111
  0.00000005223054011  0.00000005367815242  0.00000005526257154  0.00000005695049686
  0.00000005865530713  0.00000006039286338  0.00000006217111643  0.00000006398383351
  0.00000006584342623  0.00000006772998250  0.00000006963162858  0.00000007154703490
  0.00000007347801594  0.00000007538076361  0.00000007723084159  0.00000007925611948
  0.00000008155751858  0.00000008395920377  0.00000008638478464  0.00000008880994392
  0.00000009130290280  0.00000009382606426  0.00000009643008078  0.00000009909439922
  0.00000010177870539  0.00000010447797383  0.00000010724652613  0.00000011008356130
  0.00000011295390876  0.00000011608306008  0.00000011981863789  0.00000012407572384
  0.00000012829799953  0.00000013264644319  0.00000013729122381  0.00000014224014978
  0.00000014759179660  0.00000015344906957  0.00000016008110699  0.00000016818036578
  0.00000017943225827  0.00000019723362942  0.00000021677978608  1.00000000000000000
  0.00896957788649048  0.01741200075119138  0.02997295720715772  0.04270256514258575
  0.05350220672330017  0.06405010614367582  0.07445491346741306  0.08484547394236142
  0.09479635248515224  0.10475387625385095  0.11435463246553523  0.12371022470139725
  0.13341850702860802  0.14343752733455081  0.15385591413796393  0.16409112007084664
  0.17467690207410716  0.18584567978673056  0.19653844677230586  0.20715808977924224
  0.21792624976478922  0.22885816030217701  0.23925503031491294  0.24956104484509281
  0.25993523488075032  0.27047582477869730  0.28051620880101308  0.29032852096594719
  0.30066878657348661  0.31135197007265941  0.32164506710266677  0.33175232689316497
  0.34191579559517171  0.35230263551272162  0.36251328283731898  0.37239010079235707
  0.38220582817959159  0.39206368760728333  0.40190441482813433  0.41175062222135889
  0.42184260132855850  0.43215962659336454  0.44236754232052306  0.45234383416938700
  0.46217573013760727  0.47204171690473784  0.48210909664330881  0.49246965856459501
  0.50291836297958081  0.51322920073813338  0.52343687569936714  0.53378144680135864
  0.54439558605043170  0.55517588302801724  0.56634871387216501  0.57765306879469325
  0.58852259384754424  0.59874704227571840  0.60875693721245372  0.61859078306485438
  0.62832781501485047  0.63811516686873837  0.64821399590461448  0.65864666129999605
  0.66914976473845644  0.68000989917507371  0.69073873984280509  0.70091120127606210
  0.71114892200242419  0.72186754147108934  0.73290653569021591  0.74393925916264270
  0.75467008012990666  0.76535703900215546  0.77628543131936922  0.78726180522137901
  0.79848986650523757  0.81002397868882769  0.82153359818346761  0.83353616821369925
  0.84505980168261741  0.85644471824209023  0.86681862182046088  0.87745793265304739
  0.88811688807826583  0.89941286634315720  0.90997314538562690  0.92056632128169669
  0.93070319540594315  0.94107815749735535  0.95116554660521346  0.96105490926346271
  0.97096908984343544  0.98112611709321662  0.99147959347805403  1.00000000000000000
  0.00958777962325074  0.01614451583146051  0.02541606363331216  0.03505552837943707
  0.04477083094775646  0.05431248896839988  0.06409244449566844  0.07464833892182859
  0.08557694932449926  0.09644505037940819  0.10726716625749533  0.11806483359080736
  0.12867448731953193  0.13929289939531211  0.14971995613898256  0.16006419474803635
  0.17047828671580134  0.18082687786707344  0.19142123849337719  0.20239579938241478
  0.21381793888764367  0.22510071303843915  0.23581906350388554  0.24593437269407434
  0.25594863353802738  0.26611819118858893  0.27641186313667432  0.28710113792201392
  0.29758596072096394  0.30775747520068397  0.31787532880732305  0.32795942097488762
  0.33833118661784295  0.34860632429009253  0.35916477726467699  0.37048656817317610
  0.38188197391320788  0.39354428174170791  0.40489782268371177  0.41591856555379664
  0.42651745312473915  0.43700974823543687  0.44698914598926681  0.45696187239029312
  0.46696694225139679  0.47701548237034419  0.48730502649000768  0.49813432934588969
  0.50951355234817930  0.52057375888494717  0.53081908921225185  0.54086693533979302
  0.55073299775666384  0.56081493638653535  0.57059845172824952  0.58067337647775130
  0.59052120975472266  0.60012723255486822  0.60957621282305563  0.61933483583926552
  0.62953940484515358  0.64089184443259839  0.65250876842638106  0.66388687146167491
  0.67460104838841684  0.68488701536418006  0.69521652516003452  0.70597235115667512
  0.71702720518506269  0.72828052271805854  0.73949629567699582  0.75060168412829942
  0.76160796412496479  0.77270934646980893  0.78365135580168133  0.79473654991959830
  0.80606506342259210  0.81672943321764080  0.82743053502371899  0.83779089877852675
  0.84822111726423643  0.85848385269414207  0.86880131557916362  0.87941623218016363
  0.89020981007955235  0.90058342790403489  0.91092748176292282  0.92160962702075333
  0.93254691736968587  0.94311385951204874  0.95347086617846277  0.96381750066410576
  0.97351923526947659  0.98350014103285621  0.99082473832101026  1.00000000000000000
  0.00003850259785375  0.00003992196964190  0.00004109746836114  0.00004241668940320
  0.00004396453208819  0.00004528681432007  0.00004659272207392  0.00004786767175053
  0.00004917521349053  0.00005047917294064  0.00005175848030235  0.00005305699438188
  0.00005433134165444  0.00005557838104668  0.00005681457654491  0.00005807550174151
  0.00005937602938980  0.00006068835289148  0.00006200859778482  0.00006334380912142
  0.00006469592024093  0.00006609537091646  0.00006755815465698  0.00006904463573763
  0.00007054888624837  0.00007203907995554  0.00007350744161005  0.00007499250754217
  0.00007644642363018  0.00007789933422675  0.00007945684651116  0.00008107028272594
  0.00008270960338994  0.00008438804051493  0.00008609466828229  0.00008787383359518
  0.00008975371383367  0.00009171026041042  0.00009370457933808  0.00009570914233751
  0.00009772762359460  0.00009975708583656  0.00010184032248822  0.00010405484873127
  0.00010643894274348  0.00010892779103741  0.00011150507080345  0.00011415168846890
  0.00011677517423818  0.00011968556969370  0.00012280332594193  0.00012606483800735
  0.00012943158238322  0.00013287570889190  0.00013640820699278  0.00014017845908430
  0.00014420230609398  0.00014840650975369  0.00015294124835974  0.00015762167497211
  0.00016256103945867  0.00016793673887500  0.00017372317324220  0.00017995285905542
  0.00018695357472417  0.00019472566066548  0.00020295557602870  0.00021126922798886
  0.00022069566974314  0.00023109241436823  0.00024208488993294  0.00025398527448048
  0.00026727731598235  0.00028174942086643  0.00029784344024761  0.00031589612319926
  0.00033483693428488  0.00035678871221800  0.00038096795379796  0.00040633096674517
  0.00043299894133556  0.00046523246672848  0.00050535992935041  0.00054843263873650
  0.00059594368965054  0.00064951646422103  0.00071172911034123  0.00079017981009075
  0.00088400375322814  0.00100884892929238  0.00117869727172206  0.00139228534719323
  0.00171645345444894  0.00223071949868454  0.09869394978991503  1.00000000000000000
 -0.00233515968040039  0.00866336876904591  0.01823169555204607  0.02785677527171482
  0.03804871388579081  0.04801933746944987  0.05815874079682797  0.06849203979768739
  0.07901058604126800  0.08917226703860187  0.09924497373191937  0.10925700974130649
  0.11987938885397219  0.12975500655205011  0.13967590101185576  0.14940568312231889
  0.15943922963429524  0.16994794085433806  0.18078055939013513  0.19141548088915050
  0.20171112849705192  0.21182390527988820  0.22220792409668771  0.23288585423873689
  0.24364495682890799  0.25432490215465869  0.26509983218511984  0.27624827164282828
  0.28792446729416998  0.29949912919057176  0.31069265649870176  0.32153523627023484
  0.33173550189308709  0.34179944356619379  0.35205001693439875  0.36302626830873241
  0.37422737249027666  0.38469385019670593  0.39489754768289725  0.40527211147674597
  0.41569909998127852  0.42598665794726970  0.43645837538678145  0.44722719010187545
  0.45829043725354734  0.46917766922787252  0.47969849721119107  0.48989065157112965
  0.49996965471211796  0.51009812927758946  0.52061613032581144  0.53144997024749463
  0.54196543248005924  0.55201367223261155  0.56221685385810671  0.57243250969543080
  0.58233451619827881  0.59235773884325871  0.60282797908105534  0.61342274791495865
  0.62419439558982248  0.63517970866657403  0.64631552647589263  0.65744723246436310
  0.66820770139548735  0.67927174874070706  0.69055292457755135  0.70174121287052649
  0.71278187144151028  0.72361938205890874  0.73446908550259171  0.74556269928261887
  0.75687040556109153  0.76802246851586631  0.77929676820243632  0.79058811576308807
  0.80243379380616231  0.81387232221418948  0.82461240586079776  0.83502049024468450
  0.84518260573970139  0.85534419352185209  0.86531609361573703  0.87529033146099067
  0.88549548516378740  0.89632795902634266  0.90805025829622943  0.91943013339045210
  0.92999930687856858  0.94017443575122650  0.95014004361788873  0.95962664733555292
  0.96926386235062734  0.97896070056202567  0.98928373282375348  1.00000000000000000
 -0.00237912610868209  0.00916696618619269  0.01973780108961179  0.03080789120141796
  0.04202948288153677  0.05258145554256270  0.06330764558561915  0.07381984194733074
  0.08418364854896107  0.09407628013373007  0.10449151760661218  0.11472656118796938
  0.12481376126819139  0.13489750877314347  0.14518949713930812  0.15569733660271459
  0.16680203935374496  0.17793237750561261  0.18883515652787422  0.19901210555059634
  0.20925499448688953  0.21965471189733657  0.22985455934079946  0.23971871949969270
  0.24961096074229905  0.26011826430906471  0.27100554386307124  0.28151023214982435
  0.29202901540726284  0.30262237936065634  0.31284807348908811  0.32258178140883537
  0.33222853174781047  0.34248213866130151  0.35333606626238695  0.36438880425803449
  0.37520943635167958  0.38543958249580945  0.39541238988041000  0.40553779366121079
  0.41572924380251025  0.42587387514703229  0.43582662129096927  0.44560984697848177
  0.45516778465800095  0.46473021718655688  0.47439196728799982  0.48420118828473330
  0.49394797253300893  0.50386873014583999  0.51417610942542802  0.52493617445552465
  0.53612634932787362  0.54738513929017563  0.55845497986102921  0.56948947211804390
  0.58069152576693750  0.59165500107568325  0.60250700840175342  0.61309653084262772
  0.62353638041636317  0.63385285377355161  0.64404913464586988  0.65455835532879547
  0.66520455319512739  0.67616206339746165  0.68750763481544008  0.69870924489742892
  0.70973067287132297  0.72036388705746079  0.73141481066474046  0.74316486404957549
  0.75465975935834373  0.76599011299656916  0.77679569943921245  0.78736889492700068
  0.79784424684739652  0.80852167586414603  0.81889076541699624  0.82892128240818996
  0.83891338839257545  0.84900873159376755  0.85913489545540556  0.86903744789743897
  0.87944688638806834  0.89019778392794380  0.90066756902096756  0.91089934584977272
  0.92139644408758714  0.93206666286805462  0.94303239981718634  0.95404876215826417
  0.96553059064259383  0.97706433645421720  0.98873434439286179  1.00000000000000000
 -0.00244160650723218  0.00953868235741809  0.02014035272143812  0.03076251661323254
  0.04186643638511232  0.05335537254931444  0.06507300007677125  0.07654092809221388
  0.08779720967932275  0.09868590309026366  0.10912601861840142  0.11950504481768350
  0.12995711197261853  0.14044969520690753  0.15072773696265465  0.16092543265782977
  0.17105640936379962  0.18088903979826848  0.19101770811150834  0.20156679480065751
  0.21222045350407531  0.22287367989390144  0.23407160704706689  0.24553212551565187
  0.25708068850746085  0.26839659370702912  0.27940828813417540  0.29002891275156939
  0.30026410543452792  0.31050656410271466  0.32070445056791069  0.33082751848153352
  0.34100878478441010  0.35122619475683431  0.36123790712368387  0.37130110444138587
  0.38159580812453614  0.39219741854800821  0.40234916888469108  0.41222306906711242
  0.42290875382863258  0.43303194691621993  0.44352454566173438  0.45440324537758542
  0.46553580999124156  0.47672357942933308  0.48780294475410890  0.49899878412056892
  0.50917694407134817  0.51933220536417291  0.53005078694432151  0.54091899032610802
  0.55146033649902948  0.56191745554775141  0.57294423895610447  0.58389131048358311
  0.59470520919039316  0.60550513461302358  0.61623621426353148  0.62677037029177407
  0.63743247074666398  0.64822623777501542  0.65939731110906263  0.67045697236747759
  0.68112300907444101  0.69159451839623520  0.70183650422331223  0.71194538142692243
  0.72201105982566594  0.73251860565499294  0.74345026008292214  0.75430602221025278
  0.76499846120060522  0.77505347736447716  0.78480546413257646  0.79459065987521516
  0.80446354746058979  0.81449751796911829  0.82417205757856016  0.83403270404881724
  0.84441201869379234  0.85505577091719598  0.86577386895766295  0.87608994116057348
  0.88608654381432450  0.89662017478832379  0.90856445961264254  0.92004775642834424
  0.93061960457377446  0.94068401541220248  0.95047953094761628  0.96014481501628723
  0.96959273425098358  0.97938756349789646  0.98954568046156799  1.00000000000000000
 -0.00302503701865244  0.01015960269975895  0.02166020171866994  0.03260064718244677
  0.04342469655472022  0.05442616754049838  0.06577562049998294  0.07719196598291539
  0.08863112093799387  0.09979837646661066  0.11071585979737675  0.12124150558897852
  0.13109742217092896  0.14063593796850501  0.15033762197194014  0.15999789845974799
  0.16967330269492242  0.17927755625047595  0.18896321776612574  0.19948017300084098
  0.21002697791233638  0.22029707939400528  0.23033666422509330  0.24041270779186061
  0.25049324509262000  0.26126950584232689  0.27177767116800566  0.28387053732557904
  0.29476900411158719  0.30458110791327742  0.31499347479652101  0.32604674985183185
  0.33711048400066868  0.34721301442197877  0.35788806698232395  0.36879831935202384
  0.37952185070323285  0.39028228494863820  0.40121304675667446  0.41228508991854368
  0.42270512196400373  0.43282525284435835  0.44329742769807201  0.45399540614701472
  0.46460209882428843  0.47498836133652012  0.48572861072429652  0.49667596926110963
  0.50739882527829439  0.51790603899660748  0.52814404281280503  0.53814237734001513
  0.54782295407036108  0.55743721791723655  0.56728087735201138  0.57714796951253999
  0.58689150234636156  0.59682057532869603  0.60701930472901600  0.61844055852884416
  0.62975496505377937  0.64081210188857296  0.65127507341916258  0.66149904491585443
  0.67182286126240143  0.68188687381998903  0.69163618828077189  0.70118486085178544
  0.71120595480996529  0.72171870051211273  0.73254750066908569  0.74293777972637542
  0.75327827985439311  0.76415441788722083  0.77514902204761249  0.78607757658043309
  0.79701093215924257  0.80780901210091205  0.81855298001093602  0.82968665622328019
  0.84149220608117237  0.85343413715373095  0.86453001472693103  0.87541341304933118
  0.88589098220347895  0.89647535083799001  0.90714680648081203  0.91795807566625431
  0.92886859770135477  0.93952140703568132  0.94994175092110478  0.96013600448504732
  0.97002784542901377  0.97995708545598004  0.98982986119062211  1.00000000000000000
 -0.00209936192193391  0.00855435487535904  0.01777569619876419  0.02672512850606496
  0.03608250045455551  0.04544633232107247  0.05459777434783374  0.06359967285328751
  0.07296412328391279  0.08289940694480516  0.09338225262385687  0.10397995044117204
  0.11449226220235377  0.12539397356895179  0.13673489813949338  0.14804275238059991
  0.15894877946292363  0.16977215695964143  0.18079557151273512  0.19195094270295437
  0.20323099978150172  0.21379011765019751  0.22376848754138637  0.23374775409962026
  0.24371108910463282  0.25348718483991667  0.26294528701059949  0.27243584326852366
  0.28191934572919430  0.29150617551847519  0.30126850458740612  0.31125958232219525
  0.32172297712820003  0.33267255221698799  0.34397474023181318  0.35576437603781558
  0.36767642427288300  0.37898456699851918  0.38927970767157988  0.39955742721297632
  0.40998919990383714  0.42043770394140484  0.43091613139641644  0.44177022368543190
  0.45296039616928024  0.46401534808536232  0.47472801637499357  0.48513649227104916
  0.49526647206733043  0.50547343519448718  0.51598825361960776  0.52688578119662510
  0.53782063615931364  0.54885158396994560  0.56009003252062484  0.57166148848072618
  0.58364284741283623  0.59579497704911266  0.60775314319904383  0.61922961076008698
  0.63045610806451124  0.64167210121463258  0.65275150996621689  0.66343130954803564
  0.67326825890332676  0.68281157543167170  0.69278869688776878  0.70315632530997596
  0.71351475215520233  0.72377321570706044  0.73412188117370469  0.74489742775859202
  0.75572033820124618  0.76654242442648279  0.77772536774244372  0.78853102807645026
  0.79936354618543604  0.81043253957467787  0.82185066512666882  0.83318387413315831
  0.84379719750471505  0.85413179804946848  0.86462405981959245  0.87495299221168121
  0.88500320291132017  0.89517585959214885  0.90598231537633334  0.91690446544529036
  0.92733245270944831  0.93725976704998160  0.94791159628208954  0.95846306338957343
  0.96882479380137754  0.97885965789479568  0.98938906333586507  1.00000000000000000
 -0.00203164025172295  0.00862615171805722  0.01765954994112352  0.02812080677249813
  0.03849733775955631  0.04939981419084501  0.06075092594774786  0.07167982796017294
  0.08208391834268267  0.09257092359163542  0.10271008976359589  0.11271972697114922
  0.12246730135583195  0.13343488758586874  0.14473777247163855  0.15592205470077700
  0.16662518323505510  0.17681278079340851  0.18713211619360348  0.19700080140774825
  0.20688949757468980  0.21667514903678756  0.22684319314344611  0.23717137857119763
  0.24760552219004847  0.25781520710890504  0.26841036340410152  0.27865436599943533
  0.28891004446916452  0.29876800394279668  0.30864928305570899  0.31858726522563252
  0.32870676150371825  0.33910835234107217  0.35002197668244495  0.36075185533299636
  0.37141940479102475  0.38185044282813785  0.39198055414561983  0.40210781837857107
  0.41223883368252923  0.42285678584162983  0.43397229752948469  0.44491041317465796
  0.45649948189462719  0.46740673173482777  0.47902023459263821  0.48974724003751252
  0.50073371199704508  0.51148155772536819  0.52185330350438086  0.53181117544276724
  0.54146697729016147  0.55187527464285047  0.56257314845299777  0.57334074971057702
  0.58445462271538851  0.59593741636900965  0.60775076285745866  0.61948800952481853
  0.63010597416572978  0.64023846172064303  0.64981464193853244  0.65966122320458331
  0.66938146187890624  0.67866446872977104  0.68792264803555447  0.69762933423110207
  0.70809159863098381  0.71920929720966020  0.73061462715132874  0.74187418421995854
  0.75306864563673181  0.76422876293777342  0.77515811675326218  0.78570703362207384
  0.79608773707204161  0.80636656164209697  0.81670080092930286  0.82712638579804665
  0.83777707478218011  0.84854203547198126  0.85919757250922180  0.86991025190663929
  0.88090372980916076  0.89218223676037933  0.90285275041217317  0.91325301116679947
  0.92400541544649839  0.93512378756661330  0.94595121995941323  0.95686378662364391
  0.96759050492291099  0.97839696865228998  0.98921160179399148  1.00000000000000000
 -0.00200814389481540  0.00852958941402891  0.01814196453365018  0.02824463137421134
  0.03859204518753286  0.04877396443684961  0.05951115755120269  0.07072815727314874
  0.08139270160866001  0.09169135559039820  0.10205002638601920  0.11347372048455248
  0.12496083779946282  0.13596326916765994  0.14696912209607341  0.15794261349158836
  0.16849018335730895  0.17894892048293223  0.18955878378037963  0.20034807657458181
  0.21075272254280289  0.22131821361339435  0.23247016135203782  0.24397551351199576
  0.25467721863985832  0.26456390156297832  0.27496843824011358  0.28611965197524508
  0.29760762893915121  0.30875543573362846  0.31961320276325089  0.33012962852333827
  0.34006125249732827  0.34970575187911257  0.35972235784723255  0.36962656824555745
  0.37970297224800775  0.38974527124439723  0.40150029981496405  0.41347976764195477
  0.42454825252477829  0.43492074954967563  0.44518445424545905  0.45584732414896423
  0.46642316522702726  0.47643447060094007  0.48695515908365677  0.49769261637401840
  0.50813409154859701  0.51802779729347626  0.52792522640959294  0.53804950711300858
  0.54833896581914232  0.55852302688101296  0.56950482527555557  0.58068251575827823
  0.59187875664766310  0.60278680970775511  0.61339412437272645  0.62424892714837665
  0.63581268067353625  0.64771699067280519  0.65877073442174838  0.66956989885270335
  0.68033271573017695  0.69083443540968903  0.70141619571900982  0.71188202859728344
  0.72248548040660199  0.73299186809239469  0.74359428228653590  0.75384088399880955
  0.76383841640891759  0.77377409232972094  0.78374293252259819  0.79364964133631133
  0.80375810509684220  0.81392036662996969  0.82422474371578591  0.83423963507436893
  0.84426545089668514  0.85427018498450791  0.86461904911345189  0.87511367554168473
  0.88498814774470758  0.89487134690853321  0.90549541943639456  0.91642976192857939
  0.92677651302999720  0.93691184965290264  0.94747490539167722  0.95782134650215633
  0.96814431447246763  0.97863368872895673  0.98918632742890045  1.00000000000000000
  0.69880708399221148  0.70134879286885965  0.70348724718912303  0.70554902742897463
  0.70750273127303820  0.70965654959984126  0.71191680130086532  0.71408535592355593
  0.71624720047680013  0.71842235710184688  0.72076290353017725  0.72306558567015788
  0.72531153261596615  0.72754979613976600  0.72976644409071512  0.73200514065000588
  0.73425894044020568  0.73656740263404785  0.73888938764963119  0.74122749296079615
  0.74354793256142959  0.74583916005642414  0.74806250170915256  0.75023475326556799
  0.75239308347136935  0.75458391733814545  0.75686344437622866  0.75922568150190073
  0.76163235045866073  0.76403569983062769  0.76640364697814212  0.76868085120397944
  0.77099009434104016  0.77345116671694003  0.77600898240007865  0.77859910342083860
  0.78119535287265274  0.78376470269540532  0.78635826188906432  0.78899959711436829
  0.79163901606087372  0.79420421089189974  0.79676426339789930  0.79931302862340214
  0.80180265155813635  0.80437013780185462  0.80698294894805478  0.80962387477428943
  0.81243336509268205  0.81511354993751539  0.81786032079686688  0.82042863593736193
  0.82306212383384791  0.82575729132573050  0.82853208631382225  0.83138335654945072
  0.83420798211309888  0.83692534443824074  0.83964900206799475  0.84240782945237291
  0.84522805732960749  0.84813098997599445  0.85097038416965531  0.85369454619601948
  0.85638676665490610  0.85908894701602223  0.86193416640501641  0.86483020413982459
  0.86786263215056791  0.87097425099148362  0.87411958353806252  0.87730358424415378
  0.88050950197988864  0.88379135349040716  0.88720082479816320  0.89066429911224620
  0.89396569989729446  0.89726070351784548  0.90062474032209194  0.90407809105007808
  0.90768605557783066  0.91136261585279732  0.91522305190040409  0.91922104322517728
  0.92345170506307472  0.92772616737090841  0.93215520269161289  0.93677497614286742
  0.94176282763755115  0.94698210788107340  0.95245494579715007  0.95834420356478456
  0.96503282239086485  0.97273016191597717  0.98329305924843469  1.00000000000000000
 -0.01777213559706149  0.09243684545791511  0.12970704879254027  0.15615483285718618
  0.17825876671060994  0.19733772279736278  0.21396278653078837  0.22832769763747068
  0.24138296378184151  0.25330667669779583  0.26432769919762678  0.27469088526163221
  0.28467364641101256  0.29440329799706777  0.30382534832516350  0.31274750017350200
  0.32110843121817534  0.32907348638011585  0.33659594133409926  0.34359720781695480
  0.35025096255368693  0.35667903672922274  0.36292461480449650  0.36905643200195704
  0.37505476028361057  0.38085448431222529  0.38662459880559696  0.39231167301854775
  0.39789101368363944  0.40337578236263338  0.40892625367440150  0.41442765234177958
  0.41983688382641354  0.42511355812085000  0.43035275521630267  0.43558308993557687
  0.44070835468904179  0.44578828706445534  0.45077357648550453  0.45572623330761519
  0.46075682454320754  0.46574742464445856  0.47063472104672316  0.47547809354266818
  0.48037764826690937  0.48534733663931556  0.49032822445693169  0.49527170519605912
  0.50015324510679626  0.50507096472357316  0.51036339284400756  0.51554865773532388
  0.52095527763604832  0.52658541330233333  0.53224370673967014  0.53770369915661786
  0.54327592733704666  0.54901068650578000  0.55480045932018851  0.56063043067902962
  0.56610270275399210  0.57131021473886923  0.57665354192154827  0.58198693187391559
  0.58725561114963776  0.59254501559719841  0.59803718598092959  0.60366315840140761
  0.60922753546654673  0.61474071229354132  0.62018819699466676  0.62583077658812969
  0.63181005217129416  0.63808654164999623  0.64464788460191302  0.65145084113989571
  0.65838678686228902  0.66538305259516961  0.67249019223516149  0.67981271200355586
  0.68743327503008833  0.69546983648193539  0.70387946920202460  0.71279186694857966
  0.72212994420857679  0.73242598302990347  0.74394329016288530  0.75675662399176580
  0.77075014772254513  0.78538104980325296  0.80215940425673249  0.82109866705372447
  0.84278614953688813  0.86909501180963056  0.90697021971311809  1.00000000000000000
   2.5096189662523188E-015  -1.0000000000000000     
 T T T T T T T T T T T T T T T T T T T T T T T T T T T T T T T T T T F F F F T T T T F F F F T T T T F T F T T T T T F F F F T T T T F F F F T T T T T F F F T T T T F F F F T T T T F F F F T T T T T T T T T T T T T T T T T T T T T T T T T T T T T T T T T T T T T T T T T T T T T T T T T T T T T T T T T T T T T T T T T T T T F F F F T T T T F F F F T T T T F T F T T T T T T T T T T T T T T T T T T T T T T F T F T T T T F F F F T T T T F F F F T T T T T T T T T T T T T T T T T T T T T T T T T T T T T T T T T T
  <DiscreteSampler_grid>
  grouped_processes
  1 # 1 for a reference and 2 for a running grid.
  10 # Attribute 'min_bin_probing_points' of the grid.
  1 # Attribute 'grid_mode' of the grid. 1=='default',2=='initialization'
  0.0000000000000000 # Attribute 'small_contrib_threshold' of the grid.
  0.5000000000000000 # Attribute 'damping_power' of the grid.
 # binID   n_entries weight   weight_sqr   abs_weight
    10   10   9.312670866955954E+004   3.159553343573679E+010   9.312670866955954E+004
    11   10   9.312670866956070E+004   3.159553343573751E+010   9.312670866956070E+004
  </DiscreteSampler_grid>
