 -0.00000000000000786  0.00000000000072308  0.00000000000353342  0.00000000000858034
  0.00000000001537179  0.00000000002412014  0.00000000003502687  0.00000000004808248
  0.00000000006195525  0.00000000007656850  0.00000000009344226  0.00000000011147522
  0.00000000012974922  0.00000000014937968  0.00000000016790881  0.00000000018711580
  0.00000000020870712  0.00000000023035797  0.00000000025274180  0.00000000027636573
  0.00000000030146704  0.00000000032654209  0.00000000035199545  0.00000000037768729
  0.00000000040397729  0.00000000043095066  0.00000000045808767  0.00000000048531711
  0.00000000051251987  0.00000000054033093  0.00000000056956711  0.00000000060049275
  0.00000000063191402  0.00000000066299774  0.00000000069419979  0.00000000072628908
  0.00000000075957325  0.00000000079288760  0.00000000082793333  0.00000000086735776
  0.00000000090619536  0.00000000094564484  0.00000000098521173  0.00000000102495052
  0.00000000106510412  0.00000000110563290  0.00000000114634367  0.00000000118550378
  0.00000000122851757  0.00000000127297345  0.00000000131734976  0.00000000136130122
  0.00000000140627246  0.00000000145166013  0.00000000149852394  0.00000000154658094
  0.00000000159547077  0.00000000164424574  0.00000000169349859  0.00000000174481396
  0.00000000179806014  0.00000000185823443  0.00000000191832391  0.00000000197918787
  0.00000000203961611  0.00000000209847251  0.00000000215845374  0.00000000221847024
  0.00000000228042569  0.00000000234277569  0.00000000240626737  0.00000000246980727
  0.00000000253456100  0.00000000261064609  0.00000000268997524  0.00000000277069497
  0.00000000285145796  0.00000000293225017  0.00000000301478944  0.00000000310190439
  0.00000000319232577  0.00000000328324928  0.00000000338060698  0.00000000348059208
  0.00000000358060525  0.00000000368911817  0.00000000382031963  0.00000000398133432
  0.00000000416878773  0.00000000437217040  0.00000000459229316  0.00000000483475329
  0.00000000513274669  0.00000000564965419  0.00000000611853672  1.00000000000000000
  0.00948194818244306  0.01597717621952192  0.02509077303503277  0.03501655759372728
  0.04457779118811853  0.05359283590934773  0.06298387313750300  0.07283455968552868
  0.08280538389868186  0.09255703761806965  0.10249845089175121  0.11288928522879101
  0.12382951596719255  0.13485150205119106  0.14578453654804996  0.15654526797444890
  0.16683355154446755  0.17737401509910297  0.18838343346016539  0.20026217313282474
  0.21198113286065687  0.22315448495157950  0.23401490945154477  0.24472678176715512
  0.25607340067766154  0.26705736962371263  0.27750895393663449  0.28765005869033439
  0.29788185313141752  0.30810709149145160  0.31859602816290916  0.32920922796576002
  0.33911949778034817  0.34851781903543555  0.35761321283336928  0.36670482833379509
  0.37581431752142680  0.38509985351884257  0.39474679350945652  0.40507945391309580
  0.41495640555237240  0.42634566916311345  0.43761200514584364  0.44936698842228673
  0.46078268278543610  0.47237011104740356  0.48418588483558223  0.49579658264168575
  0.50640599029925104  0.51598042808611644  0.52544563716114734  0.53491068496640959
  0.54447101354252680  0.55393370290905386  0.56386541087953790  0.57507571490548215
  0.58686541109156076  0.59840212000245685  0.60962726852925486  0.62068196221311589
  0.63195667321374815  0.64380566159017705  0.65434841694915202  0.66496309003626952
  0.67524573527409670  0.68610898815586263  0.69731530626260974  0.70856693229754741
  0.72001377955506007  0.73154010578440587  0.74275643710368344  0.75375151168408072
  0.76456689957893442  0.77509086271489158  0.78520914683702914  0.79490424559288964
  0.80439924706301802  0.81394898989275910  0.82367211960980735  0.83353474328632404
  0.84325682060894391  0.85276065731107009  0.86252398750909409  0.87252202874697748
  0.88234107766309000  0.89191693851614717  0.90165007438230138  0.91166510859793659
  0.92126301092982055  0.93037501618714447  0.93918706927601359  0.94926298729064262
  0.95979411639765821  0.97012334844615034  0.98053224933129957  1.00000000000000000
  0.00969405001850717  0.01545971986050531  0.02487781644946436  0.03574259407987023
  0.04534902451109187  0.05539644045186650  0.06535366394482511  0.07551991685958823
  0.08581147815517762  0.09593202520843681  0.10599791853760797  0.11619346396853086
  0.12646128600451853  0.13654844424558549  0.14680318869408082  0.15711261869473567
  0.16732818457775347  0.17733706716008721  0.18735570807072749  0.19790116230497948
  0.20856541371748810  0.21914186241158112  0.23011712462140324  0.24187106303257960
  0.25416831701135534  0.26618201632146232  0.27751571972123074  0.28914044051589910
  0.30085430693219528  0.31270453732737963  0.32459023893001010  0.33632754545387816
  0.34808744307937406  0.36046543091551697  0.37296211363047743  0.38462276560607145
  0.39551850773271813  0.40653429061205709  0.41761413644825945  0.42830100324133591
  0.43863307597728374  0.44817148419731168  0.45752441458441728  0.46696054874747289
  0.47663911258268588  0.48670382261750922  0.49700066969842738  0.50757132415511885
  0.51820757527167161  0.52833189814361792  0.53824426570652384  0.54857693788897299
  0.55932046236001576  0.57012999016594512  0.58086865464802084  0.59152397123220124
  0.60189707961678940  0.61162892572774252  0.62114423063716029  0.63093083904554537
  0.64071855722544746  0.64982397534837644  0.65832923435728741  0.66735154776642636
  0.67658370896279507  0.68581527797596387  0.69528945171733503  0.70538525629476523
  0.71649698447359056  0.72801831730310773  0.73914550136580415  0.75017492199117808
  0.76107225253956268  0.77138095793856964  0.78146758325041532  0.79187107372078591
  0.80283720471233266  0.81414743839030868  0.82514391959309419  0.83534319519153311
  0.84493666601743034  0.85435236207651399  0.86415281586425652  0.87410555276129021
  0.88388940506855151  0.89328511953026246  0.90325406461443991  0.91389863901785995
  0.92388397158694402  0.93320844517589219  0.94249488102967849  0.95172479740253824
  0.96109048208047021  0.97030258024129401  0.97997637552259920  1.00000000000000000
 -0.00247514388887364  0.00926379175333719  0.01916244049430478  0.02933886129765814
  0.03954268287341686  0.04947345082390830  0.05932621892916358  0.06887252809727848
  0.07792960487123902  0.08681048277522199  0.09587071485770629  0.10583609980365569
  0.11639003995284394  0.12755186091188897  0.13831224344826260  0.14883839465500040
  0.15945432731828754  0.17001758028980968  0.18124787689618874  0.19120639058936495
  0.20126116037834260  0.21157409774865660  0.22276212698767539  0.23366584563955090
  0.24420825479705291  0.25497293604618659  0.26598747281957352  0.27715745640205036
  0.28796322464234159  0.29850646099357259  0.30914434165033122  0.32030374725097283
  0.33140659532369499  0.34247072298801318  0.35333728828417565  0.36487778350012201
  0.37669324782323854  0.38874663592211789  0.40010197681813492  0.41057137699900526
  0.42055642139723237  0.43092670166576336  0.44208775492915481  0.45377369013480595
  0.46453784038835383  0.47520154040944640  0.48564475112764566  0.49683957858882261
  0.50808896913997026  0.51877640506590927  0.52899365015429756  0.53934308729229552
  0.55058045457458926  0.56210110776520461  0.57335695195731584  0.58451656709761135
  0.59582489276301520  0.60740165754090458  0.61796573990777348  0.62826046029764393
  0.63794518561340674  0.64821337470403018  0.65899495349029014  0.66966846632949806
  0.68090394405836885  0.69179897293529358  0.70246289827111208  0.71269841371930853
  0.72319730099770396  0.73403921931173266  0.74543423971856959  0.75669609667982873
  0.76797297667531372  0.77843200026233150  0.78854351091796204  0.79874029386002654
  0.80882794367856148  0.81871537585814014  0.82891678032713478  0.83854741473890360
  0.84822977959860324  0.85787829848085606  0.86848544137340544  0.87883732945877535
  0.88906253848646044  0.89884510725667477  0.90826675007598778  0.91798078363867663
  0.92783397962673253  0.93776077879954400  0.94708878022947840  0.95592893367802079
  0.96599813083191577  0.97685322862969126  0.98849524333781136  1.00000000000000000
 -0.00253173373667878  0.00936694838160770  0.01996567671250628  0.03044579209016076
  0.04144266725183144  0.05218879521861131  0.06322353410302427  0.07481115515703306
  0.08654307600278030  0.09818913030818333  0.10936289459602214  0.12016312369126142
  0.13052434649893083  0.14035054972767155  0.15015871472421349  0.15971556127113801
  0.16944610027642915  0.17875926774686562  0.18808931776590052  0.19795599794878141
  0.20805734490004213  0.21776094676122454  0.22776229050959637  0.23727743636566279
  0.24717382907249974  0.25675825120864387  0.26636479018427456  0.27606559406993464
  0.28661862162170199  0.29704027106192316  0.30737246633542303  0.31835056396908235
  0.33021692424965388  0.34135618502724563  0.35123358878544514  0.36093607812459938
  0.37040414781031472  0.37990094665794516  0.38921267300575463  0.39880872045726951
  0.40902526038403225  0.41962186501045107  0.43013527005738766  0.44030530468536455
  0.45040778605171222  0.46050835718827565  0.47051692089696195  0.48049641868436377
  0.49073149562623514  0.50150023826504009  0.51279713013837658  0.52403539054066761
  0.53510518484442093  0.54612443407039457  0.55749013126881164  0.56965678223913396
  0.58180954742185131  0.59292763288169426  0.60325613167702097  0.61321516672989518
  0.62311021141462919  0.63338361174414803  0.64358217983569355  0.65428817494247782
  0.66587724281476157  0.67794674524553322  0.68959312225690350  0.70039419576243744
  0.71100920732533412  0.72179151950479414  0.73267053186824993  0.74299845468067949
  0.75340563584390219  0.76402877343301978  0.77442285701306202  0.78479149149151639
  0.79572693832132069  0.80733070697471077  0.81840808815441934  0.82881972381569191
  0.83940153266279416  0.85021346941954068  0.86113654092723058  0.87261550748930206
  0.88319106917104351  0.89376201534664379  0.90431233274958445  0.91463565250865908
  0.92412028906315158  0.93335090887070837  0.94377893263720591  0.95491849772044202
  0.96612300226080405  0.97693779955501814  0.98824992206060391  1.00000000000000000
 -0.00286284681354431  0.01110495769676250  0.02257118195600149  0.03359021037268391
  0.04490374431545913  0.05486751296826191  0.06504479959157702  0.07482395305165931
  0.08458317320167609  0.09402160506179449  0.10352033371536359  0.11439150962476156
  0.12570719199647881  0.13699073459295369  0.14788020537975141  0.15834385375905843
  0.16870041337019537  0.17916059759328690  0.18961006057121119  0.19965240275735399
  0.20975896849078482  0.22008645626037082  0.23082874235548936  0.24186030986205634
  0.25266476235706647  0.26381485149085521  0.27563678047708617  0.28777828582811826
  0.29932614140274977  0.31008536991967256  0.32075954634164200  0.33133866139119111
  0.34215210369467358  0.35283283826159317  0.36257390799410960  0.37177216294162607
  0.38098561392558694  0.39037944718751416  0.39987953232580087  0.40920084743361895
  0.41894163062455836  0.42953192929650541  0.44047744714523746  0.45152674055884212
  0.46297068896928473  0.47510330113789928  0.48736080840594875  0.49951973672111877
  0.51056607605368609  0.52085194888471109  0.53026142159190925  0.53963084994950827
  0.54878580693031331  0.55742745467081289  0.56606482022232429  0.57465296116852960
  0.58358949673109473  0.59289683024692696  0.60274904000108376  0.61309918353687354
  0.62281484448302427  0.63343758224446023  0.64431925984221372  0.65626247826392781
  0.66801674542533185  0.67879776649542856  0.68934274325322020  0.69960849196486086
  0.71009754622244503  0.72073150851819934  0.73119834856075494  0.74154088917865923
  0.75143314413208073  0.76109898769802986  0.77085023059038094  0.78099476038694748
  0.79139027110176674  0.80216651554255025  0.81233193850639063  0.82376354089638038
  0.83491562379641060  0.84681006143512227  0.85849160051814044  0.87025959748134929
  0.88203303882781547  0.89355988686656096  0.90483465459466861  0.91553528086204727
  0.92615185832214675  0.93665556819634377  0.94698435248387147  0.95770613191879816
  0.96819935083012076  0.97884728039559443  0.98937367034752133  1.00000000000000000
 -0.00283679863914653  0.01018192841786140  0.02163090690642542  0.03284141199596345
  0.04424718595950632  0.05620227398726071  0.06879963660159562  0.08161619941594396
  0.09383788904100070  0.10533854152481409  0.11648030886760341  0.12750656656925882
  0.13863667309996494  0.14982263577625374  0.16090350232782638  0.17234338478106412
  0.18423484111431776  0.19656900336232891  0.20867324707005003  0.21979581806184106
  0.23084581806747048  0.24214803999007137  0.25359363260932355  0.26455005059361886
  0.27475436644884971  0.28462362318937529  0.29477420649744213  0.30564507637734672
  0.31666381520471198  0.32704228023902859  0.33713132138071017  0.34707340955896587
  0.35702899460341098  0.36691424174540915  0.37724036940535538  0.38904715094389219
  0.39962890744539248  0.40814501784889373  0.41705140536262492  0.42615960877667175
  0.43530610603613201  0.44413194863511468  0.45248183885781851  0.46207889104465250
  0.47241809465976414  0.48344912752859048  0.49503485751729281  0.50742770010384586
  0.51970459327192275  0.53075931614111149  0.54123373821928056  0.55124290267735288
  0.56097132277837569  0.57051507484754760  0.58005395171823670  0.58977620751846971
  0.59948332229444956  0.60889343614739277  0.61802875979559302  0.62737162173456673
  0.63702547079747085  0.64663499066932906  0.65555041518482926  0.66440951466002651
  0.67332255266805752  0.68247385949964057  0.69156352778653896  0.70038759170374199
  0.70962544542929762  0.71961322802499084  0.72963854014733409  0.73943135334523180
  0.74907850592365544  0.75955397719661732  0.77065600631221698  0.78155355405689952
  0.79192141433366658  0.80265432962223038  0.81387155131462408  0.82536894698224894
  0.83708436029906808  0.84866558153389393  0.86002405857594433  0.87127295981797148
  0.88162860130785892  0.89175881201479956  0.90223274327234193  0.91314079185087438
  0.92338632871589776  0.93330366794941788  0.94374611299778777  0.95483814671997802
  0.96541146639603193  0.97630861509230149  0.98764217228270934  1.00000000000000000
 -0.00284205847690994  0.01070986543496504  0.02256058783403340  0.03428775216304927
  0.04620523548173852  0.05827411965596958  0.06974706488548527  0.08062288362123561
  0.09123706803813789  0.10227475129482627  0.11382826595205132  0.12507185963045919
  0.13670877686530986  0.14802826446243803  0.15845616301780119  0.16818291358400952
  0.17812169799120717  0.18832660263000744  0.19865285269678135  0.20879307572032943
  0.21985029539227177  0.23084297026684361  0.24102512971817708  0.25134735883663178
  0.26255675835428210  0.27350813075343633  0.28390091757947100  0.29440670256566104
  0.30489503998066786  0.31505639765640514  0.32507750588106482  0.33514498828306227
  0.34472872330544135  0.35429954392987745  0.36396048915904361  0.37404745925209604
  0.38452765095360714  0.39493121762524236  0.40572081119141562  0.41674952810997662
  0.42748053573123679  0.43845911948054617  0.44905929539670464  0.45997679989340917
  0.47155271583825781  0.48315206053895782  0.49384333064009828  0.50461745122712887
  0.51535882808770250  0.52687584104992047  0.53824202273832877  0.54935489946964877
  0.56032667216156273  0.57153217821866953  0.58251990233725315  0.59323295830317968
  0.60413897101943448  0.61547835673437179  0.62695573040414265  0.63813605951994612
  0.64867913804828592  0.65878867407270336  0.66914223047955323  0.67981522324262000
  0.69033773861890635  0.70059315188384874  0.71080813407109855  0.72079026308431859
  0.73053952869528671  0.74024184332860987  0.75022670409730940  0.76049166100840360
  0.77058840550093743  0.78035150843001588  0.78989556060491750  0.79995611906713981
  0.81061254032587216  0.82120577363538549  0.83165971219014756  0.84197225036079726
  0.85177014813861540  0.86096409292515319  0.87021080056812139  0.88009517134754267
  0.88993404878526405  0.89950742799819394  0.90884475838985401  0.91869767259427726
  0.92920412982000622  0.94038718013405820  0.95166838002163823  0.96238282523821916
  0.97223796628539338  0.98177323480826817  0.99108435481532475  1.00000000000000000
 -0.00181037378431225  0.00827809985783725  0.01659490787063454  0.02535304293379280
  0.03433084669466120  0.04371646304913320  0.05319180684083882  0.06278526154277467
  0.07257816394855195  0.08254471505977858  0.09325215077197184  0.10423312726773123
  0.11458769713241315  0.12468080806623882  0.13519624211003717  0.14564158932015456
  0.15625524871644672  0.16690706421274865  0.17790514668757923  0.18882405094932939
  0.19899271850969885  0.20925088691963131  0.21905021282426348  0.22844170010042536
  0.23777905092373616  0.24717031520403762  0.25694058524837365  0.26721393350523576
  0.27757325528612081  0.28774525318861260  0.29789186354363845  0.30810121296976567
  0.31851278941169475  0.32890305875536990  0.33912025096480125  0.34923702027025672
  0.35953872897261058  0.36999679395987001  0.38069870088442237  0.39135697549020215
  0.40192410384131394  0.41237282683145615  0.42290835904541169  0.43357824549283835
  0.44390609625614641  0.45416907159242592  0.46473111383938864  0.47555538448817580
  0.48647074520575595  0.49712616284981331  0.50728846512661374  0.51759898125991111
  0.52893348435885068  0.54058399124913303  0.55167923802471008  0.56264329577468430
  0.57412187158682526  0.58580897847431057  0.59713982317123038  0.60811084491807654
  0.61854568316446168  0.62913504855474389  0.64053484269732397  0.65163205998963880
  0.66238658611521417  0.67361217910820281  0.68485374076458805  0.69593938707971015
  0.70677189322594280  0.71866827583063841  0.73095172778229356  0.74239612392268961
  0.75321803762374839  0.76354095985773063  0.77356050957966760  0.78360719650948296
  0.79368419726671879  0.80332680750014640  0.81282945626763525  0.82243534848982891
  0.83227617101370488  0.84220977354802629  0.85256182089182786  0.86362009044714216
  0.87554371237330897  0.88820991709728470  0.90065552842188334  0.91229160427068501
  0.92383128910873324  0.93449419904834785  0.94534513886895544  0.95633929067083023
  0.96776136013729652  0.97881633385373112  0.98960139670712755  1.00000000000000000
 -0.01677890545067689  0.18399251018946314  0.24715778419160536  0.29047541658803072
  0.32169811200334064  0.34685411319183146  0.36838221190084486  0.38722408131641678
  0.40429592309739298  0.42012248743757730  0.43502952166846465  0.44999136844308368
  0.46380376268230789  0.47676587939881016  0.48885869999238779  0.50042671045448728
  0.51120886363169094  0.52154657232397716  0.53125881759355087  0.54059953141990091
  0.54953536447474371  0.55828131246278223  0.56669030464698056  0.57466673837013849
  0.58234819235668478  0.58981960505838904  0.59707640172309107  0.60422986112259125
  0.61149965502860693  0.61895918320928778  0.62633369833480690  0.63319413655643197
  0.63959927162805608  0.64598730939525950  0.65214894764908782  0.65860541605463052
  0.66508864087907527  0.67134387453134159  0.67741262613423281  0.68327199434355623
  0.68900386884909692  0.69481670304376075  0.70045410415886900  0.70604588117714073
  0.71180263213736272  0.71781563728283149  0.72388049813835764  0.72965424634990128
  0.73502384965617862  0.74007592324053695  0.74524402825023894  0.75055165325099338
  0.75564313832600949  0.76073649027353407  0.76578974136296407  0.77060517003392659
  0.77524311011530467  0.77987420328533641  0.78450295611366028  0.78912354560935083
  0.79360900718923610  0.79836021232556464  0.80304286365549482  0.80784262428672315
  0.81284286760373592  0.81789866843815173  0.82288478040342028  0.82779712070757105
  0.83278668390235011  0.83799149488187408  0.84338426107887665  0.84892947196987634
  0.85419769004407275  0.85930186675961651  0.86443645141494652  0.86951373365255880
  0.87457565571274032  0.87981733358454906  0.88490829717565056  0.88986604015537285
  0.89467316295030253  0.89942681388264079  0.90420491033257955  0.90903764916387741
  0.91416013544684982  0.91927804454010298  0.92440953564807715  0.92975377832171235
  0.93557096798266792  0.94209596147855823  0.94860335645138272  0.95537145084466402
  0.96274008745598516  0.97153382757500450  0.98387510234776665  1.00000000000000000
 -0.00231995859426713  0.00939992554255023  0.01914420373574788  0.02874370893933698
  0.03850733496211670  0.04819642120282188  0.05828780481584510  0.06897378381394065
  0.08032733728835412  0.09227866959672228  0.10465605387177804  0.11663280519894420
  0.12773132356566519  0.13885372165158369  0.14920525796971890  0.15925445384416534
  0.16936751868056130  0.18007836575725675  0.19057630772023834  0.20008339944628761
  0.20923499706502052  0.21875755426385493  0.22869148006856618  0.23822287408062795
  0.24767079997099045  0.25739458352364575  0.26722093964969890  0.27656446936768270
  0.28571112629442497  0.29539845075828769  0.30551985613035870  0.31608205321937838
  0.32668514936404547  0.33779900934664864  0.34907284647726317  0.36020530729511091
  0.37149445015791288  0.38309568100915653  0.39453153963900500  0.40538945027044609
  0.41611669025763681  0.42699197787477267  0.43745365385088836  0.44697187014989981
  0.45635963733661589  0.46637822196737250  0.47645726732996257  0.48647164506274426
  0.49610197441287834  0.50664478467061314  0.51800184994814691  0.52923048028467046
  0.54078880646103000  0.55251362677361782  0.56374488618108776  0.57438855620653806
  0.58472671206114601  0.59523987201475925  0.60610679834434800  0.61686171505656451
  0.62729524523647673  0.63727980976308352  0.64741278113571388  0.65720322503168827
  0.66684894065949130  0.67656531620220717  0.68660363316888140  0.69689416712249408
  0.70742772358917094  0.71802139923783703  0.72865195804987615  0.73884622610989803
  0.74892268198078571  0.75971934736072599  0.77102480136980533  0.78229144238760762
  0.79343864858367208  0.80465739989871221  0.81577408666795170  0.82715831348337165
  0.83861963462708400  0.85012379933448268  0.86128658816564585  0.87232075995058389
  0.88310759252535742  0.89390859144163126  0.90423387544196709  0.91485059510968048
  0.92578972961210992  0.93657136341867953  0.94716083671571094  0.95776534697037807
  0.96876943272662353  0.97939130932730389  0.98978384045274659  1.00000000000000000
  0.76659143372511718  0.76713232735793135  0.76821360815671191  0.76926260445221351
  0.77035103926968573  0.77172131130388966  0.77373250107337876  0.77559217575291595
  0.77742400764475283  0.77925000847386738  0.78105676850651384  0.78294148726987134
  0.78480981011424644  0.78664009620202324  0.78836840235041850  0.79005239139697303
  0.79179897032539737  0.79378844897680390  0.79580878335708893  0.79781122014798300
  0.79979989356412085  0.80178901098885758  0.80378699979410240  0.80579521101135054
  0.80781072449775915  0.80992247897320746  0.81208388619469318  0.81404689801437757
  0.81586884807867199  0.81763561518809913  0.81940949473477642  0.82124368835324790
  0.82313390622780902  0.82503007800480477  0.82689972954809554  0.82875058746196750
  0.83052138984504031  0.83229755795812332  0.83410638843469143  0.83600231456853091
  0.83802774063977170  0.84013950285484718  0.84232554612950028  0.84449649994318188
  0.84660822759787724  0.84865089805927796  0.85063294729399030  0.85263256106908680
  0.85471053541700159  0.85683650924455246  0.85894510312208139  0.86096299327108494
  0.86296704067257668  0.86498397393817816  0.86708562938685463  0.86930305279957887
  0.87158298470971474  0.87378825403306359  0.87599886654400816  0.87819427561434082
  0.88043329975789208  0.88272179497627989  0.88495955488666878  0.88713670265502353
  0.88930887839418282  0.89151849666589744  0.89381310229071953  0.89620608846363881
  0.89868450163605118  0.90119841078575325  0.90367975183040705  0.90611816250778943
  0.90855303437871737  0.91098925690516686  0.91337957509684786  0.91569206957461347
  0.91809768412081505  0.92062725278383695  0.92326126580293477  0.92593187332739502
  0.92859666884481240  0.93130739470554846  0.93409600450215280  0.93698910993375539
  0.94015227519406874  0.94359620316419124  0.94719070966705887  0.95091822678451166
  0.95477687026466329  0.95881474363339747  0.96308218194088357  0.96764935255471474
  0.97284345715310694  0.97928561983242279  0.98756792025403128  1.00000000000000000
 -0.01311812876503071  0.08293597219555741  0.11895338280773091  0.14384257683079715
  0.16562619006190923  0.18541293472642423  0.20316827172235272  0.21827553366921520
  0.23128840297877318  0.24310033090292679  0.25409152344959240  0.26399011081686657
  0.27383867782648075  0.28371197467216785  0.29322650802911598  0.30240386380131751
  0.31108316951085485  0.31909592802873638  0.32654573259966480  0.33393846636658242
  0.34102483251938720  0.34781231798339424  0.35426209080468191  0.36056695383792359
  0.36680778647603413  0.37295843595373829  0.37908537939580333  0.38495018366817879
  0.39068186200138683  0.39623013082014641  0.40177885552887405  0.40740033736133646
  0.41289247942016638  0.41803332353373834  0.42286218449593621  0.42777753611719327
  0.43288059437961479  0.43832518537000448  0.44380764007894424  0.44919045483000297
  0.45443069336716529  0.45946922087076630  0.46437472369586774  0.46925585222633637
  0.47427228027867741  0.47950989959280266  0.48488895224730810  0.49005285665679466
  0.49537603292089122  0.50055815357377442  0.50570190363998702  0.51076005111944567
  0.51577651537525482  0.52087454124104882  0.52612886577147655  0.53152850715044075
  0.53679890020893051  0.54203733722196867  0.54708514499838312  0.55213814295697894
  0.55720580815389853  0.56207462617397508  0.56694144428674220  0.57185328165575555
  0.57696330177954558  0.58222308833949921  0.58757701091179193  0.59290332164359005
  0.59814219653384137  0.60351766275820484  0.60933269986689154  0.61577194666888402
  0.62216815467288400  0.62886603953402920  0.63575175241959492  0.64270246345936155
  0.64978274170877537  0.65688357664636920  0.66400363355344572  0.67126820090408645
  0.67874948671960389  0.68659385385755400  0.69489465010707319  0.70374384952311830
  0.71331722962653799  0.72357739895970874  0.73451203243585561  0.74612987253549168
  0.75881994918838569  0.77247420919563592  0.78689465099845413  0.80285213898493979
  0.82204367968164549  0.84746528357329087  0.88687721790409302  1.00000000000000000
   2.9268223204183407E-019  -1.0000000000000000     
 T T F F F F T T T T T T T T T T T T T T T T T T T T T T T T T T T T T T T T T T T T T T T T T T T T F T F T T T T T F T F T T T T T T T T T T T T T F F F F T T T T T T T T T T T T T T T T T T T T T T T T T T T T T T T T T T T T T F T F T T T T T F T F T T T T F F F F T T T T T T T T T T T T T T T T T T T T T T T T T T T T T T T T T T T T T T T T T T T T F T F T T T T T F T F T T T T T T T T T T T T T F F F F T T T T T T T T T T T T T T T T T T T T T T T T T T T T T T T T T T T T T F T F T T T T T F T F T T
  <DiscreteSampler_grid>
  grouped_processes
  1 # 1 for a reference and 2 for a running grid.
  10 # Attribute 'min_bin_probing_points' of the grid.
  1 # Attribute 'grid_mode' of the grid. 1=='default',2=='initialization'
  0.0000000000000000 # Attribute 'small_contrib_threshold' of the grid.
  0.5000000000000000 # Attribute 'damping_power' of the grid.
 # binID   n_entries weight   weight_sqr   abs_weight
    13   10   2.512293724633509E+001   1.063679121998149E+003   2.512293724633509E+001
    14   10   2.512293724633512E+001   1.063679121998151E+003   2.512293724633512E+001
    16   10   2.512293717777434E+001   1.063679114634857E+003   2.512293717777434E+001
    17   10   2.512293717777427E+001   1.063679114634860E+003   2.512293717777427E+001
  </DiscreteSampler_grid>
