 -0.00000000000321030  0.00000000009296674  0.00000000037115872  0.00000000075617497
  0.00000000122578078  0.00000000178886838  0.00000000239885794  0.00000000307263370
  0.00000000376974131  0.00000000450574407  0.00000000524310706  0.00000000601832257
  0.00000000682581118  0.00000000761066067  0.00000000844105590  0.00000000931625697
  0.00000001019193967  0.00000001106452934  0.00000001197074082  0.00000001292084123
  0.00000001388646350  0.00000001485587536  0.00000001583189059  0.00000001681707178
  0.00000001781337934  0.00000001883840283  0.00000001988895090  0.00000002094215532
  0.00000002200965137  0.00000002308028558  0.00000002412584878  0.00000002517147818
  0.00000002634978089  0.00000002759615659  0.00000002881399809  0.00000003004137345
  0.00000003128802238  0.00000003254141928  0.00000003378540148  0.00000003508711369
  0.00000003641396558  0.00000003773258389  0.00000003909421931  0.00000004045529939
  0.00000004182996201  0.00000004322253849  0.00000004462332063  0.00000004603831450
  0.00000004745734785  0.00000004886786802  0.00000005028641474  0.00000005173109942
  0.00000005326013804  0.00000005489252970  0.00000005664360216  0.00000005843604703
  0.00000006013179067  0.00000006183757499  0.00000006348537779  0.00000006514905086
  0.00000006682208888  0.00000006856055029  0.00000007039399552  0.00000007229607450
  0.00000007421522920  0.00000007611292106  0.00000007808238328  0.00000008025517045
  0.00000008252653669  0.00000008485765378  0.00000008721036954  0.00000008958681762
  0.00000009196823270  0.00000009433818529  0.00000009677047086  0.00000009926542633
  0.00000010185119386  0.00000010455431418  0.00000010735463227  0.00000011011938670
  0.00000011295151239  0.00000011621559157  0.00000011991205525  0.00000012382723379
  0.00000012802298133  0.00000013235841040  0.00000013688319799  0.00000014172470517
  0.00000014696854239  0.00000015270804763  0.00000015916839162  0.00000016715029882
  0.00000017854502115  0.00000019659741902  0.00000021644822299  1.00000000000000000
  0.00953131007144938  0.01611854375757728  0.02585957340355661  0.03639470027007175
  0.04680339390087843  0.05684216660260234  0.06709212675086323  0.07764691384353527
  0.08806614117450685  0.09813180840389851  0.10795409299409564  0.11774810082459292
  0.12717057773408436  0.13645032104330090  0.14620093259269221  0.15700225893388794
  0.16800428452705471  0.17896683104811928  0.18937326449511632  0.19946670781149697
  0.20931679537991105  0.21883550519837561  0.22819147562565595  0.23777644996920128
  0.24743491911240501  0.25709174502805221  0.26663405646906091  0.27627026266385007
  0.28617474634641049  0.29598066681147278  0.30572122678328750  0.31553927230436440
  0.32541284818775917  0.33529444625329868  0.34549402929479417  0.35575271841708872
  0.36550241333387656  0.37540360337395146  0.38582114424852682  0.39649556173985911
  0.40704642447233597  0.41775326020692272  0.42898976044284570  0.44050151360767636
  0.45187485937001970  0.46293878504508063  0.47436227108238654  0.48553076355711761
  0.49649287035583745  0.50710026172463529  0.51742999192177785  0.52810664298309384
  0.53873841202439354  0.54919490051995956  0.55931995686283631  0.57035645505550980
  0.58244376738120429  0.59465742621531037  0.60660637060067779  0.61824724632858874
  0.62963364274911471  0.64103674238880881  0.65294197522458652  0.66521362526078642
  0.67742641614008969  0.68912385600257631  0.70025699382431927  0.71124836345296849
  0.72217637383618427  0.73282291493940599  0.74351631233113025  0.75422616660307695
  0.76549289239829799  0.77704108153903340  0.78891155943285463  0.80068288640097962
  0.81201515321884232  0.82258730300502914  0.83316757814602371  0.84409229642391970
  0.85472065148442578  0.86464366509034929  0.87427624409906946  0.88410138029052732
  0.89391167146013584  0.90404963944459804  0.91428546918177900  0.92487011041202016
  0.93521348324466902  0.94513994934238676  0.95484698727777384  0.96431187841995336
  0.97342903733174846  0.98311913362978698  0.99102127404270435  1.00000000000000000
  0.00909993798948056  0.01723101659260721  0.02823741755096594  0.04051337470149937
  0.05181890200253092  0.06353222886308869  0.07581232862403341  0.08725520934041989
  0.09804034627248108  0.10907273851673117  0.12022810611348127  0.13048252544244635
  0.14009364956445453  0.15005811407799707  0.16085141460136071  0.17180310736703203
  0.18238584191861559  0.19321340177967736  0.20427980334701176  0.21563639822577590
  0.22693091257316236  0.23787695584147181  0.24864853902522135  0.25925563292411080
  0.26983879701983887  0.28030279510494177  0.29059043516196903  0.30094833655461478
  0.31126677814748632  0.32111773122779375  0.33067986973334107  0.34013219851633103
  0.34962552322633533  0.35915936913866492  0.36833947718608739  0.37777190532366006
  0.38743121238436745  0.39777532607704164  0.40869396707764549  0.42020603293792069
  0.43167006772020516  0.44310938878235800  0.45485986302140297  0.46694424026493270
  0.47884927916186260  0.49004172243591249  0.50075474127589403  0.51160132178866002
  0.52200390876666769  0.53158444210568168  0.54136082281506015  0.55150015522583196
  0.56164381034623978  0.57146584175712767  0.58114765467078422  0.59141713434881549
  0.60206162745989922  0.61265174125301858  0.62335698524256145  0.63421519505340351
  0.64491371400762054  0.65516611616371712  0.66502173697651434  0.67487457678090912
  0.68479504100270105  0.69460288359660838  0.70403981156975692  0.71359827070329551
  0.72356145461079935  0.73366152041708077  0.74420713745892431  0.75449278242766094
  0.76525014205879405  0.77544328848840649  0.78561687612905706  0.79542171399257755
  0.80540379921506400  0.81512520009604683  0.82452503639867969  0.83370978315813760
  0.84267801791516761  0.85156419636636183  0.86090512704486077  0.87085994982982973
  0.88126684153351242  0.89192200590762949  0.90208960575305897  0.91196217702130078
  0.92183370664537878  0.93202836090664554  0.94273275972705628  0.95364176825986857
  0.96440086218399890  0.97541051863480810  0.98698917985905221  1.00000000000000000
 -0.00282853016440045  0.01000300249335342  0.02107248670255507  0.03160380938022500
  0.04224024289201860  0.05271998324399815  0.06293368952977060  0.07261216195226444
  0.08231561781819319  0.09324010343318972  0.10434747510122441  0.11465363470106328
  0.12503047464397454  0.13573064832163531  0.14625746537259104  0.15677030568983982
  0.16732437898131652  0.17771839488411945  0.18789867482178907  0.19802289301359291
  0.20839931116852553  0.21904024704678046  0.22950615639113245  0.23988516450896380
  0.25020114654919873  0.26082664981841647  0.27145512808711947  0.28185175080121400
  0.29220552780494158  0.30292738452963031  0.31386846232658644  0.32460263156254821
  0.33541579496581508  0.34622212080735820  0.35688596694349617  0.36776545733387039
  0.37903515107506519  0.39064711437280697  0.40200544572453367  0.41269466808826344
  0.42264506936926505  0.43223893356070586  0.44197700252570254  0.45198581103251989
  0.46223864711680002  0.47252195817326248  0.48301254205086541  0.49364854750223730
  0.50451014214260825  0.51509633483589767  0.52601979031697033  0.53654919993041350
  0.54758428845188922  0.55862333145144072  0.56932594466367059  0.57993380612662249
  0.59018769957558270  0.60049396589879356  0.61077135373462443  0.62090857824374146
  0.63090824586889993  0.64062991241343359  0.65087397565055549  0.66201390341045441
  0.67273881516284562  0.68305235051419877  0.69303802638695577  0.70295075408687258
  0.71291062391978444  0.72242886811283746  0.73253337054866829  0.74304144567535946
  0.75368637514152736  0.76453776476067570  0.77578939040994943  0.78760501240049252
  0.79908372402472161  0.81048164181747340  0.82175156001030036  0.83303682773149057
  0.84349358220418791  0.85386070643235079  0.86425448743713873  0.87475875930017744
  0.88508441144208994  0.89535729641596318  0.90603416085912447  0.91674734420096504
  0.92780634718493094  0.93855259470371943  0.94885119940904350  0.95894545768950878
  0.96921362922050636  0.97983240926869308  0.98985710975715302  1.00000000000000000
 -0.00321093745122671  0.01147898311929232  0.02245981507947461  0.03302710397585028
  0.04339864602229566  0.05396859654590521  0.06367079339673290  0.07381357082860251
  0.08407965457420119  0.09575232254797009  0.10654568957821473  0.11884503193162259
  0.13099747460766542  0.14275852028066946  0.15562848416963534  0.16750511365666207
  0.17827134763015690  0.18905817200285130  0.19996207570374924  0.21086743379805903
  0.22152636220514546  0.23233953513512287  0.24345859134366685  0.25420024668109786
  0.26447123283412299  0.27465785709211143  0.28499478689862945  0.29546535586302614
  0.30590534056005531  0.31624840587061087  0.32652682604325872  0.33681102406705421
  0.34715286494392472  0.35763507760024438  0.36812025915871083  0.37876176456879784
  0.38958641648546422  0.40054862340191688  0.41150756289252877  0.42236145084818005
  0.43290088039847191  0.44314482827298440  0.45323280132817750  0.46329659839145731
  0.47347455449216669  0.48379468187634594  0.49452666554493607  0.50574036580324611
  0.51743225139655358  0.52902998750711261  0.53993317344162017  0.55031102751611272
  0.56062714901266353  0.57115470631208365  0.58193528571508335  0.59264802504382430
  0.60302380154716007  0.61278070509477300  0.62245785565605227  0.63237913511201305
  0.64228004485219992  0.65189527683191228  0.66122759479451398  0.67100156335741323
  0.68109957166872204  0.69146159073062763  0.70160232796761790  0.71200946053090608
  0.72293839780366387  0.73330190554047281  0.74344986139070379  0.75373185867985981
  0.76402475012364923  0.77405633921350914  0.78403907489793112  0.79428431549114065
  0.80472769856141357  0.81497202106392530  0.82522793524047056  0.83554135405283958
  0.84605385245792653  0.85664092692572358  0.86662300294583117  0.87624861523584552
  0.88570660836840598  0.89525759254692183  0.90465380886028113  0.91435819635363413
  0.92484561522312303  0.93555891213119013  0.94581584259448592  0.95577611489509207
  0.96582259074367416  0.97707567092240799  0.98781442059951352  1.00000000000000000
 -0.00217012528485195  0.00875971837013952  0.01897700854178585  0.02933487876120772
  0.04011839942863664  0.05106253570218169  0.06173015689694424  0.07214644708738542
  0.08225064479626623  0.09293950116750824  0.10352430649954460  0.11401566780879989
  0.12428201891718479  0.13527264865071340  0.14645842147290994  0.15742684728079839
  0.16830865786892990  0.17912767369472177  0.18993781112473482  0.20051232208968248
  0.21092813372215041  0.22092098835999011  0.23089523617590341  0.24136160303602483
  0.25138670408715674  0.26305807607616766  0.27413622000530052  0.28562272046880560
  0.29620684176395079  0.30669089601351174  0.31690965191795223  0.32673866327267415
  0.33626247905965251  0.34608670094914951  0.35595793569560302  0.36576390568346195
  0.37567315622459752  0.38619761231834282  0.39642662211826379  0.40661225503000836
  0.41687742294416735  0.42863711100486163  0.44026992665084630  0.45130775078486474
  0.46230121019020176  0.47414982085058915  0.48445479020387838  0.49428416976637302
  0.50494217135930519  0.51648234694399675  0.52686082385670674  0.53665167531705915
  0.54683972174338369  0.55768626360093410  0.56862727846960359  0.57959621284712315
  0.59001514590640847  0.60074453577748832  0.61141203432015023  0.62277760977364349
  0.63321382700016549  0.64295650751945932  0.65320219848678684  0.66386136123514472
  0.67446562110896857  0.68484269790828711  0.69517381483205565  0.70534942632550424
  0.71548212435850400  0.72573583203801006  0.73599279348109170  0.74603681907517516
  0.75600276943415923  0.76573862377808977  0.77546624251855745  0.78557126299840263
  0.79623438862509721  0.80760059056186018  0.81850833329398698  0.82904108553760580
  0.83943966529683833  0.85001286229468498  0.86079548129670436  0.87166849829628734
  0.88293065233147172  0.89414358807325056  0.90479033001978104  0.91521841749070465
  0.92590498496542972  0.93655502243028244  0.94694027452246998  0.95732830853668427
  0.96763713956037778  0.97834460204930140  0.98911798329455802  1.00000000000000000
 -0.00225382889769252  0.00934957586080459  0.01902577127815500  0.02829960037240442
  0.03749419251105713  0.04706691302951217  0.05716200194925844  0.06721592841006208
  0.07724896292759866  0.08734562548309618  0.09765030625662474  0.10796110345279744
  0.11830068768987265  0.12869126228387762  0.13894058771519813  0.14936215345689460
  0.15960278514765602  0.16947901311347222  0.17941806260051626  0.18978288100384241
  0.20059505278054890  0.21143234931071683  0.22231893400342950  0.23310644358408736
  0.24359210569119258  0.25395176840124362  0.26404048610830633  0.27378893615354721
  0.28336357108477062  0.29295275746096577  0.30268817464482639  0.31267068597781167
  0.32304159328936005  0.33354768987729777  0.34399095409509489  0.35438233960977950
  0.36523421022538627  0.37655953598637643  0.38796284605379350  0.39949966594757108
  0.41094391491380661  0.42183461886492468  0.43230828090954876  0.44270413589954899
  0.45316414769393681  0.46380349182129399  0.47457932734158814  0.48542486841885446
  0.49627183799012825  0.50728341196794269  0.51870072385569510  0.53044995991963195
  0.54215650462508380  0.55341408847747897  0.56427389201169531  0.57481078740156366
  0.58511617509640013  0.59536274719661164  0.60570966213833444  0.61611161368703349
  0.62654644215167032  0.63748743831058863  0.64861509509351345  0.66015953536417327
  0.67118575303816486  0.68171058917089833  0.69222361355852258  0.70260636412668520
  0.71274914989303773  0.72261960517202728  0.73263346752043079  0.74294293564031122
  0.75322811422308178  0.76316112363083310  0.77327380467406748  0.78399092781887070
  0.79503988073759435  0.80616878955702775  0.81735233715650979  0.82780580696101669
  0.83810001231056286  0.84816610759090294  0.85814019494534133  0.86813949250112188
  0.87844349328054894  0.88944245883383177  0.90086076659571057  0.91246174785920831
  0.92445089623935917  0.93637922824340980  0.94718792931598950  0.95757320137467006
  0.96837752198903804  0.97900401453741348  0.98959536139340254  1.00000000000000000
 -0.00205327157764180  0.00837899626102328  0.01849849105291879  0.02909315064179145
  0.03997509396118848  0.05015614494144773  0.06016288266982753  0.07034220995001617
  0.08060393456712420  0.09090717582171143  0.10132656476119292  0.11179541503435149
  0.12205900896706288  0.13233721175605520  0.14274965674953785  0.15311058525068738
  0.16325807210955579  0.17373599967017875  0.18457657561908439  0.19535258694592506
  0.20590570069052730  0.21607597944937698  0.22669667306481164  0.23745318924809700
  0.24818449527697320  0.25846171869210499  0.26844012567966263  0.27911509026632608
  0.28983913442296616  0.30117688020665417  0.31217655398289268  0.32312839802887233
  0.33387355155774001  0.34496066380636720  0.35575465590322308  0.36596664916058708
  0.37600510350834726  0.38534352030676933  0.39473592002035618  0.40441941077241028
  0.41423466965278266  0.42403381470123375  0.43355333193255363  0.44300660332324193
  0.45259775519498097  0.46276695284552083  0.47330124319577072  0.48419800417006631
  0.49577202267250597  0.50712172041540204  0.51837712127694202  0.52994897876898794
  0.54151701873953284  0.55304147558972083  0.56457747301903716  0.57622431425074261
  0.58770209566500542  0.59865554725130044  0.60914574862671267  0.61964972061173129
  0.63035636228269731  0.64131963027881445  0.65236119633454148  0.66320565559838329
  0.67366140354616111  0.68367810401442253  0.69385123118231873  0.70421491226991451
  0.71496660258323319  0.72591403772056073  0.73699310367147919  0.74834428207007586
  0.75954290601978536  0.77052658375645988  0.78128666087924092  0.79172923263211126
  0.80162412445238196  0.81125641595572084  0.82088888163631624  0.83077472667974728
  0.84097706557527652  0.85107622646028791  0.86142771747766222  0.87282716084677914
  0.88367184412743238  0.89458725103804948  0.90522878841689691  0.91580537614512225
  0.92613617586694985  0.93633490392689378  0.94727500586708069  0.95854237671284226
  0.96901244097534855  0.97938952790698564  0.98974631205141184  1.00000000000000000
 -0.00256351538601298  0.01005925763874940  0.02048857588248405  0.03109132375295175
  0.04160389407122494  0.05112857251571858  0.06132875693818435  0.07164521707450938
  0.08173028571736622  0.09155974938381699  0.10125695259513139  0.11145987934709693
  0.12189360170917948  0.13213771652152012  0.14199141656528577  0.15210502293748634
  0.16234678436057259  0.17319113591946067  0.18429585575708135  0.19495133456904951
  0.20517119734904452  0.21533559517864614  0.22553477645165523  0.23576954008069140
  0.24577930176994986  0.25565978398728678  0.26553421035064073  0.27541150365631489
  0.28551826982323802  0.29574138544470008  0.30581078550331192  0.31598173521348188
  0.32651415568044467  0.33732354179678509  0.34837519861180649  0.35947373231114105
  0.37027540452605201  0.38021601404078315  0.38955459222870131  0.39899909243739357
  0.40870041921103040  0.41845091657856831  0.42798030293617523  0.43723882690844523
  0.44727015721519003  0.45786195700829851  0.46879317050040159  0.47992818764725387
  0.49117134657991574  0.50214751875371855  0.51279024528553752  0.52328174383677861
  0.53363553952979115  0.54391353880231896  0.55435067248107650  0.56528842025217041
  0.57677529320343202  0.58847792883016214  0.60021051091895572  0.61204428057063542
  0.62388389870801364  0.63568700009022305  0.64763143493348119  0.65956993465628588
  0.67133829013042223  0.68207691941942372  0.69296344600506232  0.70323989421215471
  0.71344303151634358  0.72354027453382508  0.73377741728011392  0.74416269380959144
  0.75495281480613208  0.76638098342004268  0.77775090609768849  0.78873632014232842
  0.79970943363680513  0.81081129130421326  0.82195857945684125  0.83317409960285738
  0.84459529556355328  0.85498464768439086  0.86471226476641583  0.87444653160700236
  0.88411836241659625  0.89375262060412763  0.90345983884366732  0.91349825115173378
  0.92457596692380239  0.93574998693859590  0.94742539901435785  0.95895755319793918
  0.96979067672349351  0.98020316142505248  0.99023424661060322  1.00000000000000000
 -0.03753219150728922  0.21418492108508957  0.28634487045407592  0.33070236910907369
  0.36602736939387348  0.39433399189868529  0.41834925511878773  0.43958244097371479
  0.45864565212296421  0.47555499529353934  0.49158916251745888  0.50669708070155162
  0.52062416909187614  0.53365865805337342  0.54577084273217991  0.55700402006655569
  0.56754690603676461  0.57757363765329961  0.58725487953981115  0.59660940084434244
  0.60555237354376223  0.61400666876459919  0.62210841551034401  0.63013164117095177
  0.63807079423373647  0.64599998675601622  0.65416167631952071  0.66230377261123619
  0.67002540712582892  0.67723290024367966  0.68410738496949708  0.69090343113328823
  0.69770711270560637  0.70451680163227826  0.71116831270036862  0.71760783003867368
  0.72393622753178477  0.73001910560666217  0.73575751981937054  0.74126965270013623
  0.74667294155263830  0.75190931198617617  0.75702389100173284  0.76209262744212858
  0.76704113196251389  0.77189626636111397  0.77672005519193421  0.78154299339646738
  0.78647682569208355  0.79147565769625772  0.79622552732595997  0.80096245700890034
  0.80557231377397287  0.81011767586618455  0.81451404845745257  0.81867178487104342
  0.82272525219995496  0.82669248754442570  0.83074753699934800  0.83479041899772055
  0.83863837476346736  0.84248257424029738  0.84626668593866960  0.85016890604100315
  0.85430520697123047  0.85858890682793410  0.86289460722395628  0.86705543735114410
  0.87105301832994098  0.87507023966115549  0.87921061607025475  0.88342709782542317
  0.88761705082158360  0.89168526677663573  0.89558017922310140  0.89955181457432443
  0.90370640213916031  0.90785227989569905  0.91218884143209733  0.91656553466214696
  0.92090066588454056  0.92522375284990077  0.92949056630254157  0.93370403603282326
  0.93798875808427473  0.94244345829759668  0.94708572768567278  0.95178916422446214
  0.95621381604423694  0.96057782369901090  0.96487298600478699  0.96938783284960250
  0.97417091126632094  0.98090707802719412  0.98727835479028869  1.00000000000000000
 -0.00216285074095630  0.00911536107804016  0.01828646043606374  0.02772183799430624
  0.03724629472001188  0.04682922416133312  0.05685774721004658  0.06721907043888521
  0.07757946953679160  0.08774952418255308  0.09783610889175763  0.10784795769430217
  0.11775777910457629  0.12792417723118571  0.13866085790481791  0.14952593250703664
  0.16032661682612795  0.17141794011317354  0.18289948614509721  0.19375237495316863
  0.20352148991072622  0.21317635568136814  0.22264403345196543  0.23207741589892358
  0.24133704296228661  0.25082961965583384  0.26082271324220835  0.27096173337281459
  0.28077266972101933  0.29043714812912086  0.30004606473053042  0.30970195494396252
  0.31976046265082902  0.33006935369557300  0.33960410864287555  0.34906035171561611
  0.35911377727615701  0.36958121592947418  0.37992910216880971  0.39037358911606040
  0.40147477304595847  0.41390139561178141  0.42572985833300658  0.43681270733328464
  0.44770025133425428  0.45806074153760473  0.46774632780636405  0.47733365000496236
  0.48731490758560059  0.49746157098572058  0.50724747072262066  0.51678244675259200
  0.52660478913801911  0.53683296189932128  0.54680742777256253  0.55648644926919610
  0.56623769693596637  0.57630755644148901  0.58682383943147653  0.59777057460527194
  0.60880174877877813  0.62018939277829355  0.63191827260672351  0.64383097377199205
  0.65574916505397118  0.66759042180247608  0.67926835954646547  0.69071877617971833
  0.70189931052120635  0.71293353837761586  0.72388274918300743  0.73467115012798478
  0.74551431908476884  0.75671142047615536  0.76820984544836646  0.77925221032659786
  0.79008076895900869  0.80125757853379442  0.81287611109117686  0.82483283249539185
  0.83645439274676570  0.84744175773952257  0.85794264284370192  0.86844012396000025
  0.87906369967953735  0.88964650128116729  0.89982099054724529  0.90982995079226969
  0.92014675793639400  0.93102554220952105  0.94207821414999904  0.95312270547423461
  0.96446463594083542  0.97633265216186371  0.98835278095826873  1.00000000000000000
  0.69926122941918578  0.70244374731354764  0.70507351231712201  0.70802987867327027
  0.71152982643931573  0.71521821195395185  0.71862869126608220  0.72190550094719530
  0.72504046531119226  0.72814150918011689  0.73123327013740280  0.73434749448726422
  0.73742908492765658  0.74052663891190162  0.74366111651760924  0.74676924530963751
  0.74984195886149452  0.75285654001671409  0.75582096273794819  0.75874450495564083
  0.76156091753918065  0.76431842565479846  0.76703896402782057  0.76971414357160428
  0.77228356589074598  0.77477381864949313  0.77730778718914251  0.77988505489290749
  0.78248681677593690  0.78508311344732495  0.78750162771741228  0.78996007708488714
  0.79232164653954329  0.79470593081139629  0.79713331219296468  0.79961448412193104
  0.80208010142595854  0.80455900552607196  0.80704036754895747  0.80951316343308388
  0.81195223334858513  0.81437804363002497  0.81680882099382213  0.81925244745540327
  0.82171422891112811  0.82421025032070727  0.82668191119206291  0.82915416525370556
  0.83163551638233257  0.83416478002123551  0.83677108426957481  0.83939521419348140
  0.84202530775487039  0.84466831694938282  0.84731562507486724  0.84987403634052316
  0.85232865022868642  0.85490341461567843  0.85767117580061303  0.86049822301443868
  0.86334611289229390  0.86621696330499098  0.86909452869894077  0.87206676072339462
  0.87505423109707914  0.87797498142261832  0.88091577381706199  0.88380779025727108
  0.88672609649933931  0.88964943075753022  0.89265930201523991  0.89567895574516798
  0.89861301280205808  0.90157060225710328  0.90457447014009196  0.90761531828250464
  0.91067080176309878  0.91373884614439871  0.91682267147073526  0.91990805608529103
  0.92299760855469259  0.92611507031681584  0.92929945277661419  0.93262682826918508
  0.93605062598338828  0.93970425948977765  0.94340854127024976  0.94721719505278212
  0.95112217408960620  0.95518190041321482  0.95953332329576257  0.96454020510027616
  0.96998195625709660  0.97638904034677043  0.98527758925999054  1.00000000000000000
 -0.01221944034747474  0.05975884434198669  0.08576946675603836  0.10160888363667581
  0.11434456259778294  0.12557446814027989  0.13551614324273267  0.14422102886453239
  0.15207528565186137  0.15953672428259169  0.16679844411664513  0.17373780060923069
  0.18035809938963701  0.18673026033629733  0.19291690825437358  0.19894888654358706
  0.20486238641484614  0.21064739442192762  0.21631145118990594  0.22196976949339334
  0.22759080501804610  0.23304076682655039  0.23840286026809010  0.24372255707173335
  0.24891919462500744  0.25391844056115903  0.25880644240832085  0.26369542350918213
  0.26866946097761524  0.27360875720145528  0.27848496900130526  0.28332262604564790
  0.28830308905241370  0.29358412763291625  0.29901821054109434  0.30424430881263848
  0.30942587292577300  0.31471760107398833  0.32011402903508590  0.32550483963111920
  0.33088404780079256  0.33624219432843877  0.34171518570528858  0.34726069837045676
  0.35291130083800409  0.35872575634128895  0.36471086287427090  0.37080536226973071
  0.37683819046999023  0.38282906444657583  0.38882002195179072  0.39483250312864537
  0.40077290838631602  0.40641235005069432  0.41222653156495676  0.41754091768066209
  0.42304695779258561  0.42863240287085586  0.43441430410338716  0.43991172744838447
  0.44528272888719561  0.45097111810426088  0.45667369440052935  0.46276625491113071
  0.46898335598562058  0.47528351243536648  0.48215479444264864  0.48937831694044343
  0.49661408327982831  0.50400181521520293  0.51154258396274466  0.51917711131631306
  0.52690515056970977  0.53476478773840719  0.54274830298525589  0.55091050510420547
  0.55921017748524260  0.56758005321906191  0.57598405732873925  0.58448732479273868
  0.59321130917806109  0.60242817516546887  0.61241709351993867  0.62305019993348809
  0.63427016351175636  0.64593827173833340  0.65818309710190237  0.67089703930091948
  0.68446207666780767  0.69947550978876694  0.71614234202723270  0.73504269003583755
  0.75891900743194962  0.79055884616503447  0.84163979474108230  1.00000000000000000
   3.0265934012073522E-014  -1.0000000000000000     
 F F F F F F F F F F F F F F F F T T T T T T T T T T T T T T T T T T T T T T T T T T T T T T T T F F F F F F F F F F F F F F F F F F F F F F F F F F F F F F F F T T T T T T T T T T T T T T T T T T T T T T T T T T T T T T T T F F F F F F F F F F F F F F F F F F F F F F F F F F F F F F F F T T T T T T T T T T T T T T T T T T T T T T T T T T T T T T T T F F F F F F F F F F F F F F F F F F F F F F F F F F F F F F F F T T T T T T T T T T T T T T T T T T T T T T T T T T T T T T T T F F F F F F F F F F F F F F F F
  <DiscreteSampler_grid>
  grouped_processes
  1 # 1 for a reference and 2 for a running grid.
  10 # Attribute 'min_bin_probing_points' of the grid.
  1 # Attribute 'grid_mode' of the grid. 1=='default',2=='initialization'
  0.0000000000000000 # Attribute 'small_contrib_threshold' of the grid.
  0.5000000000000000 # Attribute 'damping_power' of the grid.
 # binID   n_entries weight   weight_sqr   abs_weight
    19   10   4.477883108070897E+003   3.796392981973532E+007   4.477883108070897E+003
    20   10   4.477883108070202E+003   3.796392981971551E+007   4.477883108070202E+003
    22   10   5.661318839827846E+003   6.068147970149729E+007   5.661318839827846E+003
    23   10   5.661318839826968E+003   6.068147970146555E+007   5.661318839826968E+003
    25   10   4.478395945816313E+003   3.797592183006700E+007   4.478395945816313E+003
    26   10   4.478395945815626E+003   3.797592183004758E+007   4.478395945815626E+003
    28   10   5.662129728478977E+003   6.070545280880060E+007   5.662129728478977E+003
    29   10   5.662129728478109E+003   6.070545280876954E+007   5.662129728478109E+003
  </DiscreteSampler_grid>
