 -0.00000000000686054  0.00000000021131256  0.00000000084571179  0.00000000171214309
  0.00000000280121972  0.00000000406460158  0.00000000540833458  0.00000000686589036
  0.00000000840346991  0.00000001000290138  0.00000001162437276  0.00000001341343599
  0.00000001522461247  0.00000001703553606  0.00000001890720759  0.00000002084854110
  0.00000002278103162  0.00000002473733502  0.00000002679057904  0.00000002889179580
  0.00000003100675241  0.00000003313432693  0.00000003527749324  0.00000003752721624
  0.00000003988639890  0.00000004224033826  0.00000004457196554  0.00000004689365478
  0.00000004919352816  0.00000005148338436  0.00000005381895031  0.00000005623317851
  0.00000005872016910  0.00000006126231008  0.00000006382413016  0.00000006637221815
  0.00000006892597012  0.00000007152046019  0.00000007408810848  0.00000007669781098
  0.00000007939602986  0.00000008235300178  0.00000008536748826  0.00000008838340268
  0.00000009142918255  0.00000009457359003  0.00000009772292174  0.00000010093504323
  0.00000010411540316  0.00000010730612326  0.00000011042902480  0.00000011360875692
  0.00000011701137302  0.00000012055371311  0.00000012413335468  0.00000012775753437
  0.00000013143932235  0.00000013519157553  0.00000013909680113  0.00000014308095472
  0.00000014705612065  0.00000015095056781  0.00000015488504335  0.00000015888081696
  0.00000016284388960  0.00000016706281274  0.00000017183946180  0.00000017694249028
  0.00000018200634078  0.00000018718577462  0.00000019230559507  0.00000019750494030
  0.00000020292195816  0.00000020866529130  0.00000021462921680  0.00000022072633263
  0.00000022692427500  0.00000023327698957  0.00000023987939690  0.00000024676338992
  0.00000025405128089  0.00000026231728405  0.00000027073232079  0.00000027961784401
  0.00000028897320962  0.00000029887974356  0.00000030931424884  0.00000032061996315
  0.00000033267904977  0.00000034589641228  0.00000036123759621  0.00000038429712835
  0.00000041731055599  0.00000047693975313  0.00000061408861042  1.00000000000000000
  0.00937017534409118  0.01676914546237833  0.02672836393935231  0.03699039304713153
  0.04728779510132666  0.05762453951102476  0.06753352521118350  0.07749549449758193
  0.08778946300324285  0.09863723672833742  0.10990944967611589  0.12127694852088633
  0.13334556314923687  0.14540120677250468  0.15696711423874399  0.16821878904300677
  0.17875334728183334  0.18895554848343674  0.19885193461037592  0.20868582959796381
  0.21836321005918136  0.22824068127449276  0.23825032315342642  0.24878000602255332
  0.25911216162376238  0.26925391370260698  0.27899210814434322  0.28857576500645782
  0.29838276879082992  0.30828967677115243  0.31844423361493579  0.32880564060846618
  0.33907020431449741  0.34906010867938109  0.35907274965564334  0.36924720859925492
  0.37948903031978615  0.38960910019058043  0.39991160442376456  0.41090613486567168
  0.42202140933117649  0.43314143532512611  0.44480579766748429  0.45664919250195257
  0.46780978732972678  0.47860408912234004  0.48895677674570170  0.49904183141340747
  0.50897034558066312  0.51893888820778056  0.52927789083217014  0.53945040415209899
  0.54911351982927503  0.55920600593628533  0.56982646221740219  0.58057315481414828
  0.59128209572489909  0.60161777843363917  0.61219355835795530  0.62273132063593961
  0.63385071792286107  0.64498823610894074  0.65536395311024287  0.66565009734851666
  0.67626715917027558  0.68655842991052674  0.69626168045903081  0.70595263154247467
  0.71605002166695519  0.72653499821637335  0.73692522720243925  0.74729427173466356
  0.75731070978315551  0.76744016192452913  0.77756756909236691  0.78767114755838896
  0.79812654253032145  0.80907560716160309  0.81933581748244788  0.82863527307943796
  0.83847392402430621  0.84851878757373300  0.85840358134041994  0.86775065104325022
  0.87807868446076598  0.88951473726836294  0.90068523656470478  0.91163276189799269
  0.92250827857401285  0.93419786258278170  0.94506290711390484  0.95564865246208364
  0.96610078374558417  0.97643840427411743  0.98778955211618946  1.00000000000000000
  0.00931098994150013  0.01675398494172440  0.02645318613456420  0.03735775444915681
  0.04769790527557576  0.05812504130701634  0.06846325395793666  0.07861684571215805
  0.08846551338742530  0.09811821808989754  0.10809690571394236  0.11843711068113780
  0.12904965727031889  0.13954532165748484  0.15043174563847964  0.16211681955757065
  0.17367368088582449  0.18455527793553256  0.19483144882538364  0.20490539353410483
  0.21532432510641838  0.22561659799419290  0.23604419072481797  0.24657555796925973
  0.25749465826688506  0.26865308701640556  0.27971475150016090  0.29074646054622688
  0.30126202203459462  0.31169552220285440  0.32190957179442364  0.33202610912160213
  0.34182277914018833  0.35157356735632966  0.36167746426880304  0.37222080781425682
  0.38298134340380807  0.39350434436493315  0.40369624678410804  0.41346268262732000
  0.42300457517267154  0.43241860271771465  0.44185158167087224  0.45116214800049637
  0.46044600171702699  0.46963003278990989  0.47900010739378429  0.48905656656971047
  0.49955063898763602  0.51026428946002034  0.52053328021529721  0.53007228867707656
  0.53949860775452729  0.54925903691955935  0.55905270123777684  0.56867292595523855
  0.57811614644492104  0.58788154021868499  0.59825863597489093  0.60891353396372305
  0.61996061788673773  0.63089081611232445  0.64179260594192600  0.65281280078517079
  0.66396674319078719  0.67480832570628879  0.68541430365293154  0.69625679459203149
  0.70733189577602840  0.71829415544047914  0.72882600240013706  0.73878494699726738
  0.74869639166284141  0.75872752530206478  0.76865352331219572  0.77860988080065774
  0.78881175116405811  0.79944756793406690  0.81056229304596739  0.82192293500940461
  0.83345552909914589  0.84494028346375660  0.85638439875115080  0.86815717888849775
  0.87999635415098432  0.89182062152436348  0.90326985612686828  0.91444670861756294
  0.92525413557491276  0.93577195919710821  0.94607209830610672  0.95604489984666963
  0.96632830255771052  0.97662290060316326  0.98798412610578557  1.00000000000000000
  0.00003841750103207  0.00004005122919780  0.00004152751222264  0.00004327425500202
  0.00004504534729894  0.00004673871611953  0.00004839211698180  0.00005005456425800
  0.00005172130844644  0.00005336603790195  0.00005500265859115  0.00005664929767865
  0.00005830075790425  0.00005994714698799  0.00006159543795666  0.00006329739307102
  0.00006503366963988  0.00006681515155983  0.00006861787015538  0.00007041149584916
  0.00007224046930584  0.00007412956109357  0.00007605071416679  0.00007802992968365
  0.00008009895093037  0.00008216102671141  0.00008425104679743  0.00008633576967624
  0.00008845377407634  0.00009065458453885  0.00009292167208864  0.00009520316707679
  0.00009750689106578  0.00009986250928152  0.00010229459602762  0.00010481881896803
  0.00010740126429002  0.00011005896790843  0.00011273133957732  0.00011544726656793
  0.00011830058292575  0.00012135736308501  0.00012459307845543  0.00012797396213574
  0.00013149810152709  0.00013507652492124  0.00013878357541309  0.00014275636195132
  0.00014688094588019  0.00015112962042872  0.00015553876161556  0.00016061490990348
  0.00016626991381937  0.00017217248750376  0.00017816745649923  0.00018443547050420
  0.00019126208604549  0.00019868517861538  0.00020656194892422  0.00021488188537687
  0.00022390329212109  0.00023361320347518  0.00024373064704046  0.00025458179535760
  0.00026659669531940  0.00027961994163664  0.00029378391635394  0.00030976349610172
  0.00032684856308852  0.00034549989863799  0.00036674440479715  0.00039029883684482
  0.00041630496856703  0.00044493592576980  0.00047494160003542  0.00050598304717860
  0.00053908248326809  0.00057974987996997  0.00062523537213422  0.00068010259767471
  0.00074229909375354  0.00081468196786492  0.00089643445583599  0.00098572934772806
  0.00108721575032039  0.00121134351180358  0.00136756484492248  0.00155688608984717
  0.00180194581782127  0.00214705114999100  0.00268629532647063  0.00344335575261648
  0.00441646928836425  0.00629241087355331  0.21623836724137535  1.00000000000000000
 -0.00220181525123534  0.00890987624174219  0.01886116100626457  0.02946256502007538
  0.04003785193036540  0.05005548822894945  0.05999550050964359  0.07013748443727458
  0.08046414125083776  0.09076555395784811  0.10097081413077941  0.11127349092209350
  0.12179604470933726  0.13245665168227899  0.14346888250035758  0.15449493584233531
  0.16568648183963669  0.17700965905106494  0.18854977560462396  0.20018771191634516
  0.21147693209203247  0.22224414105718981  0.23254520114624047  0.24254325530105736
  0.25266377046675864  0.26284351979744236  0.27316598717923396  0.28340427251068845
  0.29392028371469875  0.30466325372482411  0.31553317712845125  0.32632057352546978
  0.33667411982219619  0.34685635125181358  0.35682842441330015  0.36705955605329404
  0.37724981393152635  0.38789423761625919  0.39821702900782219  0.40874334265833812
  0.41923481726807132  0.43009778530334414  0.44072097265878696  0.45106294502885885
  0.46133718110300886  0.47187811153276288  0.48245186351626290  0.49298376782900377
  0.50330611898953359  0.51403409476645678  0.52516411483518144  0.53689193027304438
  0.54817176588770611  0.55944683526675743  0.57045843389858042  0.58142284518641363
  0.59178475258085150  0.60234187003474005  0.61271850610180234  0.62336656110313959
  0.63400304891072157  0.64490876943861131  0.65572076016616665  0.66620978296668476
  0.67619603241978488  0.68632157313879993  0.69631156769571367  0.70612129003757940
  0.71597620456965072  0.72580049874743058  0.73626159843717676  0.74669520956884583
  0.75702339272350838  0.76714303578607801  0.77759204349578093  0.78778061473048933
  0.79798534267136612  0.80809027243789766  0.81834547663936763  0.82864166691605656
  0.83937820407059327  0.85058909689956808  0.86151417390358143  0.87192436682209729
  0.88392087350017967  0.89574346335717570  0.90750249933331029  0.91856403526314601
  0.92930412029565834  0.93986935578561104  0.95006027747546073  0.96000399596700514
  0.96975341747093280  0.97954212040906419  0.98988116691822958  1.00000000000000000
 -0.00260081874266317  0.01034564278249928  0.02027002061778923  0.03090955759580347
  0.04121638398199482  0.05225317643277242  0.06343647942321935  0.07433947407865911
  0.08479567659071706  0.09540050236169072  0.10642397298616416  0.11747665729583605
  0.12869866664501931  0.13937629392707818  0.14978248516593126  0.15972631551881314
  0.16971346092763875  0.17968889709262120  0.18949695548728795  0.19934100648981676
  0.20885538554104810  0.21881083081014041  0.22927267469300364  0.24015442395465181
  0.25091090035916752  0.26137153939213664  0.27198213813370503  0.28292120709090146
  0.29369715926539902  0.30545229701812415  0.31683144577059191  0.32767116656017442
  0.33823010978014023  0.34831453272557844  0.35841334076377984  0.36835686578070342
  0.37856358305798138  0.38904049551110048  0.39956889141294938  0.41031176055125534
  0.42125225722356274  0.43229560799618250  0.44326135904950675  0.45447870136397533
  0.46590128447682144  0.47698473201421560  0.48759361844331806  0.49799498531468017
  0.50834566873943510  0.51889307757801328  0.52946346436924541  0.54003786954235977
  0.55053679665115429  0.56101747181568340  0.57154167537127887  0.58209391301718716
  0.59201637719191202  0.60194724004566280  0.61206257287402210  0.62266146716137138
  0.63284565663619130  0.64274213404819969  0.65260391489325831  0.66245937854310089
  0.67246141900918233  0.68260152204598290  0.69302155213239214  0.70334297644623678
  0.71341666696119443  0.72360921719184434  0.73403995807214351  0.74456800417971758
  0.75504538633600027  0.76550617382372765  0.77622556760611661  0.78718568525436783
  0.79796536860766765  0.80846231392214929  0.81917454685294055  0.82956662368204415
  0.83984128370429567  0.84974835901100609  0.85991225380028935  0.87047365155468981
  0.88129023658492012  0.89230640966059893  0.90319589532045630  0.91403989053813539
  0.92448622148688431  0.93477671760964509  0.94530526601762477  0.95666767535607122
  0.96732461622437571  0.97838351414177982  0.98898449230668872  1.00000000000000000
 -0.00211346144623952  0.00915548858861453  0.01843476412234803  0.02855472897422748
  0.03901709861879404  0.05002293773437243  0.06108681140507761  0.07219117172555307
  0.08332776535849143  0.09486665376313898  0.10595828457556272  0.11606190092789614
  0.12616945374183833  0.13745426197867405  0.14918739332512965  0.16079798986634961
  0.17147291219981217  0.18197291935208473  0.19267131428003953  0.20344714962843324
  0.21421252288780149  0.22413305198266426  0.23485628512097953  0.24570438179801035
  0.25646367117916241  0.26713492848388631  0.27756599149087774  0.28792604779845171
  0.29785486290402008  0.30813995035936409  0.31859094546656319  0.32922778190396051
  0.33996899582221485  0.35035564364196231  0.36124390157326525  0.37233955087071174
  0.38467537780146310  0.39658517081785771  0.40755028592713433  0.41815682018618761
  0.42883389851743386  0.43950019430072529  0.44977925032863680  0.46011156827204330
  0.47083434685382813  0.48158124843830113  0.49207065673938916  0.50232887550625904
  0.51293124549339475  0.52363058130866669  0.53454264029963816  0.54522514139864309
  0.55550476981065311  0.56538629261157203  0.57486504589468346  0.58445185029518565
  0.59420250392881657  0.60422383468846419  0.61452037733239651  0.62485113887934496
  0.63582710209696591  0.64652255778651835  0.65703132937171893  0.66745193078333553
  0.67841695612298392  0.68952818644631120  0.70078472591265761  0.71189615554526320
  0.72306994053546747  0.73511087980992329  0.74694803808779919  0.75798264562421847
  0.76884225768505310  0.78005450943257237  0.79105919380167189  0.80120845165275756
  0.81100236296168970  0.82130602068691738  0.83181969977966752  0.84187510410601729
  0.85162987628798759  0.86120000506969685  0.87045749248215243  0.87971714000577350
  0.88924356804052462  0.89923644549092663  0.90969568850371285  0.91975626982852998
  0.92984875465348749  0.94011877087552442  0.95015307609759070  0.96032860390413333
  0.97009365196501607  0.98012853068213068  0.98988085008526516  1.00000000000000000
 -0.00260364777097749  0.00958420158611932  0.01996384557992751  0.03052869625556897
  0.04118562424708144  0.05152075212671447  0.06208042436195553  0.07209035124880776
  0.08176601411723868  0.09184788521769881  0.10252813577983369  0.11387595936116836
  0.12492553110917747  0.13543082935730630  0.14587133755847212  0.15619625395405748
  0.16661580719749167  0.17721072638827234  0.18826777147238957  0.19996397474775995
  0.21152108715643869  0.22287448926740883  0.23459384261410862  0.24642150844587615
  0.25762891236643437  0.26858833419984135  0.27958600118239990  0.29056907312668573
  0.30136884932656782  0.31224029020474170  0.32335605352347319  0.33472209144015203
  0.34601674959571621  0.35716439778796932  0.36824990552820697  0.37942492087472235
  0.39068425176793670  0.40115988272177222  0.41124643732307231  0.42143213893685066
  0.43168157319407557  0.44180014660934286  0.45167157206903341  0.46203287761858769
  0.47315667484507667  0.48475184754056255  0.49625417707109171  0.50772036199625237
  0.51909861075092067  0.53016940738321039  0.54108091083043919  0.55173179377077342
  0.56232065713489165  0.57305997013161447  0.58373676148714781  0.59428185797352817
  0.60466679251791366  0.61487853408057103  0.62507216139541422  0.63504941638261869
  0.64496868546459118  0.65501144438233705  0.66529146075951195  0.67576966009387174
  0.68640364802935938  0.69694855482134732  0.70760392728860178  0.71805110560298080
  0.72860114918567132  0.73968481824526755  0.75074673760737731  0.76144454354357438
  0.77178667043112703  0.78164482221328413  0.79113123683975550  0.80032946043603925
  0.80980436993051297  0.81980016093154973  0.82997019478886913  0.84006250649104730
  0.85009397102563400  0.85996684040843163  0.86966312594774886  0.87931028661813604
  0.88886454227391465  0.89861100054581600  0.90814783352521145  0.91782248414765599
  0.92759126700599126  0.93770707650079965  0.94769275492245697  0.95813988665926664
  0.96921683646891210  0.98007417156908661  0.99008839489082001  1.00000000000000000
 -0.00220010096413989  0.00857422393640854  0.01831411984868226  0.02815793597984823
  0.03864973641863495  0.04838562932857182  0.05812642103235854  0.06732588795940753
  0.07673540519089839  0.08599521374538117  0.09504650108888356  0.10395722372737715
  0.11379247484162827  0.12347757672425151  0.13395748774481947  0.14522171535431216
  0.15620431054832154  0.16756797268911403  0.17755721120324747  0.18771158061521345
  0.19745157790923004  0.20745581543338965  0.21699527699951815  0.22630021377076573
  0.23602650937591094  0.24617085521914450  0.25643293193123928  0.26677476692743174
  0.27774316742798894  0.28917969888620848  0.30060185874040779  0.31163941084743979
  0.32290484923687574  0.33469760908705337  0.34676726361793669  0.35859789047188656
  0.36980522116730280  0.38072254221236146  0.39142255219855632  0.40229022438143003
  0.41289125985824188  0.42360810805669685  0.43418934153023986  0.44489291160650840
  0.45571879915449565  0.46684785030073761  0.47808648530917475  0.48915806626707681
  0.50028056903746587  0.51147221938904774  0.52255799129726455  0.53345920353712983
  0.54405185798736200  0.55454781013587873  0.56533170528802390  0.57609761347545219
  0.58660390352120206  0.59713931318574265  0.60803828732339360  0.61920200952387172
  0.63014669473473250  0.64073342713306702  0.65097384889888699  0.66110483561874434
  0.67153432640832245  0.68239569980583936  0.69366934710678629  0.70503215549375375
  0.71617557961536804  0.72717072672622285  0.73823293888337116  0.74956504893222964
  0.76095106374032317  0.77217506192075047  0.78319084722891485  0.79405855266170866
  0.80485666470085704  0.81553409593725601  0.82613876325113222  0.83667761301931598
  0.84703236658313208  0.85714489631741075  0.86723825338824034  0.87734779266711804
  0.88749774968787642  0.89775313986954397  0.90826709004731088  0.91891853293162251
  0.92958803690871517  0.94024516824785165  0.95036835811446752  0.96061868637369963
  0.97026422292835490  0.98059783048305471  0.99023852967313009  1.00000000000000000
 -0.00231443891632901  0.00931479646112334  0.01904238798135707  0.02980709287268917
  0.04033503961294047  0.05102222322728829  0.06158521535488487  0.07190788332186139
  0.08204845357081368  0.09175049721030437  0.10142359436307856  0.11134431576438851
  0.12199984517219815  0.13297183888104230  0.14435981542151272  0.15547078719414353
  0.16644416978055437  0.17675251167496134  0.18731041843868887  0.19717247712224692
  0.20716450586101778  0.21723674725484171  0.22759315037058894  0.23837638510359144
  0.24893235690387500  0.25987240241042020  0.27051032093092686  0.28122776171451147
  0.29207149744837596  0.30265858997915712  0.31349470818130321  0.32420139645913448
  0.33507095574965057  0.34561096293185711  0.35637464064327945  0.36730685573269595
  0.37830464567225530  0.38886786571939891  0.39935092996290561  0.40951663445432890
  0.41996682885294800  0.43019350306976434  0.44057690165182201  0.45075694075738515
  0.46069149067845461  0.47052737936817152  0.48023430298941105  0.49014748374847644
  0.50031117932194746  0.51083267098345930  0.52179272066065630  0.53302380439280150
  0.54388985537057244  0.55404389003049503  0.56410711572504946  0.57451358202493685
  0.58505865037362170  0.59571994104602843  0.60651819601268597  0.61750271813632529
  0.62845785268552667  0.63925837698522692  0.64982700411448147  0.66010743359713320
  0.67044920833545896  0.68087378576078761  0.69142964481323599  0.70193857823784345
  0.71217887942172275  0.72230729956027617  0.73251568093385844  0.74285691738704274
  0.75313753823098173  0.76340997861270310  0.77396312014590662  0.78516422233524064
  0.79650193654271884  0.80747830308788615  0.81805145436815319  0.82842400327574039
  0.83891674586809706  0.84941333702723754  0.86017553021048199  0.87126947865576365
  0.88264974725204459  0.89393646280437500  0.90496144850029447  0.91555824064891922
  0.92596379663072903  0.93668574311721553  0.94741622717920204  0.95835621032100404
  0.96893555744369275  0.97944869307889615  0.98997331625486529  1.00000000000000000
 -0.00207496420555239  0.00852970185214126  0.01824991026291927  0.02785750956382908
  0.03785253383987716  0.04752675435134309  0.05675711966028031  0.06601536382390306
  0.07553686149101591  0.08536383903064039  0.09540797203541013  0.10539600658145912
  0.11552134929032855  0.12634892250196292  0.13790446310036736  0.14950942319762672
  0.16077159797525611  0.17176560074978747  0.18238417670801901  0.19260449898925772
  0.20257849002295392  0.21266120098640348  0.22297371996772977  0.23326626729080527
  0.24350544250344319  0.25389460062929237  0.26461981946702745  0.27549342999013804
  0.28614028310378620  0.29660330599902657  0.30701337157948955  0.31732970362509078
  0.32770240976394255  0.33834842846659757  0.34906081894031854  0.35943153431670949
  0.36954740831601784  0.37983135343398061  0.39049908302306791  0.40141905422575996
  0.41306947736267552  0.42448936028006523  0.43629007607055537  0.44776283595111160
  0.45853100741689429  0.46858549077623596  0.47856885428309520  0.48890358816246293
  0.49937611031976936  0.50968556843079549  0.51988768029130272  0.53062777305544651
  0.54137679884386447  0.55190121513839963  0.56266209652387322  0.57369709266921298
  0.58447509510551554  0.59496554986195904  0.60527725927638198  0.61720138891371590
  0.62903545981159059  0.64084052971461802  0.65214621677426965  0.66324478649977414
  0.67393798751978617  0.68463732428255497  0.69504021857774434  0.70575755837393495
  0.71605190596507173  0.72629788305726084  0.73628892101632948  0.74640984085586159
  0.75614739222626182  0.76600439415681687  0.77577470244323354  0.78645352862168383
  0.79738994146681719  0.80956929466047067  0.82063167235672274  0.83137592893267231
  0.84197869801707592  0.85264861630459299  0.86281014836121861  0.87353649119186150
  0.88447165077339929  0.89635234519741280  0.90811279728509031  0.91918234294672518
  0.92934192009267069  0.93962740560955593  0.95031056113495171  0.96063502321439831
  0.97038954616606088  0.98002082053671213  0.99007397486348858  1.00000000000000000
  0.54089205856678335  0.54555568808395483  0.54846220427635073  0.55164656734971185
  0.55468529737042882  0.55774402832350578  0.56074698168698023  0.56387388892787982
  0.56710713188127893  0.57055462311218119  0.57399140169698337  0.57762795116357268
  0.58106937443746620  0.58437060392817608  0.58789478750085278  0.59150076866590051
  0.59532223342032442  0.59904377136179110  0.60261522926519961  0.60610258484072921
  0.60964089974971092  0.61329201324062232  0.61705445878576637  0.62086069839529090
  0.62460928725766185  0.62832315915525006  0.63209859040775929  0.63601300161698016
  0.64009796665834817  0.64416001670965839  0.64804025718822389  0.65176859400924392
  0.65550977486487860  0.65915196087107431  0.66278184294918230  0.66633854594978692
  0.66997317108359855  0.67375476683162172  0.67764688556037689  0.68177726439275876
  0.68583315674880785  0.68976451887165413  0.69361796595479541  0.69750693023543164
  0.70143342934325081  0.70532011273754491  0.70929218227881752  0.71332916263780166
  0.71735099447363826  0.72142193878295890  0.72559310346708361  0.72998026432199470
  0.73450271911088483  0.73901133331840341  0.74340097916707548  0.74768165920703022
  0.75205641066900897  0.75646363048094956  0.76106919650164528  0.76580065046823942
  0.77057353469243250  0.77520630237471022  0.77982293020739413  0.78445843124859438
  0.78920951312767884  0.79371455298545668  0.79816984876245312  0.80279635452617704
  0.80767939118321253  0.81282866898695738  0.81802675400643354  0.82323126694873316
  0.82825751202310416  0.83338937205868358  0.83866729683339825  0.84407450298272313
  0.84934212358063377  0.85454990346832183  0.85995538262806615  0.86552215509446084
  0.87133851327372047  0.87741923358626062  0.88362864884603254  0.88966255502087643
  0.89589669870863742  0.90268474519601438  0.90956064096456513  0.91638665558270704
  0.92338553763874653  0.93083432869095217  0.93871823557185796  0.94703747982784525
  0.95583632818570696  0.96602947071168610  0.97955531381880090  1.00000000000000000
 -0.02689510645193358  0.15058586408976435  0.21206194396762990  0.24473319707064706
  0.26853302480757091  0.28861539018366894  0.30652901016582057  0.32236012736234748
  0.33649704841171341  0.34964784477261540  0.36234466639440588  0.37469289996290589
  0.38641091049025911  0.39757614558523197  0.40821304845905121  0.41845090320287698
  0.42843223182968726  0.43790827734654869  0.44650450239465550  0.45468336691717104
  0.46272251840125467  0.47075886940878719  0.47850420679243166  0.48600440545881002
  0.49341995181002257  0.50085153665378479  0.50833913297275624  0.51577188410969654
  0.52298760049057391  0.53007878423064936  0.53708636679646560  0.54398133569655793
  0.55042836648990079  0.55660299610951502  0.56262106083152374  0.56852698022679449
  0.57451242214372000  0.58048901879533210  0.58643044333238192  0.59226480718525110
  0.59794074691293397  0.60371329537425644  0.60974346044720407  0.61586288132055256
  0.62185519504067721  0.62763415940522849  0.63324502368710600  0.63880689943170321
  0.64434268951927631  0.64968465373249151  0.65481031892148589  0.65979723791385481
  0.66482158723192664  0.66990359696842938  0.67487212572814925  0.67986274779509293
  0.68462095384704102  0.68958839506015879  0.69466132652320123  0.69974753399656753
  0.70476330535169374  0.70977452880125547  0.71473315178396479  0.71963454101388302
  0.72450738817014826  0.72941003552511119  0.73436257973781371  0.73925173008358713
  0.74409084198254039  0.74899537311272790  0.75393906793460552  0.75895326012746656
  0.76410039377626193  0.76948315167173242  0.77489092533898263  0.78040370061628750
  0.78571911681061291  0.79120725974584549  0.79689823187006170  0.80270994146533581
  0.80849849735825829  0.81431974228688486  0.82016320705167967  0.82606783093015823
  0.83207658310621779  0.83818059463950456  0.84439848829125097  0.85090720202260106
  0.85795266681628624  0.86556897696202595  0.87401317043472093  0.88371509413595639
  0.89597835431078143  0.91347368338610491  0.94110127976384539  1.00000000000000000
   4.9313973286366965E-017  -1.0000000000000000     
 T T T T T T T T T T T T T T T T T T T T T T T T T T T T T T T T F F F F F F F F F F F F F F F F F F F F F F F F F F F F F F F F F F F F F F F F F F F F F F F F F F F F F F F F F F F F F F F F T T T T T T T T T T T T T T T T T T T T T T T T T T T T T T T T T T T T T T T T T T T T T T T T T T T T T T T T T T T T T T T T F F F F F F F F F F F F F F F F F F F F F F F F F F F F F F F F F F F F F F F F F F F F F F F F F F F F F F F F F F F F F F F F T T T T T T T T T T T T T T T T T T T T T T T T T T T T T T T T
  <DiscreteSampler_grid>
  grouped_processes
  1 # 1 for a reference and 2 for a running grid.
  10 # Attribute 'min_bin_probing_points' of the grid.
  1 # Attribute 'grid_mode' of the grid. 1=='default',2=='initialization'
  0.0000000000000000 # Attribute 'small_contrib_threshold' of the grid.
  0.5000000000000000 # Attribute 'damping_power' of the grid.
 # binID   n_entries weight   weight_sqr   abs_weight
    13   10   3.835460491331060E+001   3.089018412921630E+003   3.835460491331060E+001
    14   10   3.835460491331056E+001   3.089018412921622E+003   3.835460491331056E+001
    16   10   2.123933014038625E+001   9.472555913075230E+002   2.123933014038625E+001
    17   10   2.123933014038622E+001   9.472555913075200E+002   2.123933014038622E+001
  </DiscreteSampler_grid>
