 -0.00000000000065499  0.00000000000704053  0.00000000002040009  0.00000000003655618
  0.00000000005486959  0.00000000007399353  0.00000000009365615  0.00000000011383505
  0.00000000013508529  0.00000000015727921  0.00000000017994150  0.00000000020385405
  0.00000000022834711  0.00000000025275373  0.00000000027780039  0.00000000030350568
  0.00000000032882880  0.00000000035403387  0.00000000037910636  0.00000000040541418
  0.00000000043276290  0.00000000046048110  0.00000000048799962  0.00000000051561496
  0.00000000054315944  0.00000000057261472  0.00000000060406480  0.00000000063514190
  0.00000000066586533  0.00000000069671137  0.00000000072722472  0.00000000075830554
  0.00000000078975664  0.00000000082173444  0.00000000085520857  0.00000000088964423
  0.00000000092373117  0.00000000095787047  0.00000000099274869  0.00000000102803473
  0.00000000106318168  0.00000000109866186  0.00000000113391314  0.00000000117031296
  0.00000000120860924  0.00000000124874526  0.00000000129014703  0.00000000133156547
  0.00000000137197247  0.00000000141173503  0.00000000145231397  0.00000000149417755
  0.00000000153695337  0.00000000158018783  0.00000000162416144  0.00000000166755923
  0.00000000170978346  0.00000000175286102  0.00000000179989835  0.00000000184805994
  0.00000000189663093  0.00000000194645241  0.00000000199768735  0.00000000205016605
  0.00000000210402898  0.00000000215925391  0.00000000221437348  0.00000000226999482
  0.00000000232657395  0.00000000238406962  0.00000000244248936  0.00000000250148095
  0.00000000256100238  0.00000000262669905  0.00000000270070489  0.00000000277485029
  0.00000000285014605  0.00000000292691159  0.00000000300623647  0.00000000308831393
  0.00000000317421317  0.00000000326461984  0.00000000335756473  0.00000000345454242
  0.00000000355237963  0.00000000365997922  0.00000000378025694  0.00000000391556417
  0.00000000406685561  0.00000000423404500  0.00000000442091402  0.00000000463863865
  0.00000000491739584  0.00000000542663880  0.00000000618980610  1.00000000000000000
  0.00905413352677783  0.01777604978254708  0.02877889978965505  0.03944797148003551
  0.04972883197261086  0.05980010536523905  0.07002805902196903  0.08030382375793409
  0.09062052263253623  0.10082127956669490  0.11095131181810210  0.12121946733167421
  0.13168764944789266  0.14238052751974484  0.15318465908669371  0.16408338157508337
  0.17461793228186667  0.18521864461430143  0.19566356990450964  0.20627619491423294
  0.21703325523125416  0.22782496637652386  0.23850615776307557  0.24897988002180274
  0.25974026892212970  0.27049963418520223  0.28131875985764010  0.29213936399873425
  0.30312376484323872  0.31400694746663482  0.32474027923918142  0.33513670131309753
  0.34533347156014099  0.35548786946002436  0.36628946431893195  0.37717272094989807
  0.38773382956045499  0.39810036223345835  0.40845853228189433  0.41914959726828149
  0.42961753281756249  0.43988144309046373  0.44994317956573360  0.46018875580914725
  0.47071296676766206  0.48156565242470156  0.49228401678209194  0.50289155233450855
  0.51320843050639298  0.52343814829933777  0.53377023219972897  0.54422864645465863
  0.55466019525393184  0.56520301085978664  0.57571425950323640  0.58637175371260741
  0.59719844996915017  0.60799548732857711  0.61843788858644044  0.62855395438594963
  0.63855942272114730  0.64890759791589137  0.65913877394776166  0.66932297634686422
  0.67963040838159861  0.68996909727303912  0.70036824170910772  0.71078998080628697
  0.72138377235927431  0.73204836825854969  0.74258927896894067  0.75316219198329060
  0.76385675829064892  0.77450466635435533  0.78471522075343325  0.79474996680128207
  0.80468656997983512  0.81456440931188179  0.82464613243130869  0.83473022038094924
  0.84518757083707141  0.85577746644934438  0.86579424155686180  0.87627677872345044
  0.88690790626159732  0.89753878844147883  0.90871548024777238  0.91953678314731768
  0.93037448625352648  0.94108713948353429  0.95137314066215473  0.96193124658297868
  0.97169472814554947  0.98224461105758398  0.99127948248771780  1.00000000000000000
  0.00928158835624285  0.01699923928532799  0.02705666101907288  0.03735716094613932
  0.04769971429024170  0.05808085724983178  0.06866865914383627  0.07955282700564183
  0.09009566685432820  0.10046526913814285  0.11074975709208956  0.12112923322773547
  0.13164833432194514  0.14243330180016167  0.15326796172533544  0.16420316977583033
  0.17496176613905645  0.18557982296756176  0.19606219107487075  0.20678933721133907
  0.21750795469588899  0.22832730354334535  0.23885215306529053  0.24944672207459082
  0.25976587144529628  0.27026160554964856  0.28099923758457096  0.29180314051782752
  0.30217907386728848  0.31245523176149625  0.32278046254245640  0.33296681615193052
  0.34279174741723234  0.35223844592967429  0.36203122212024197  0.37186065507852839
  0.38203609064327532  0.39237331094851913  0.40267929400978630  0.41285744234464822
  0.42308383345449374  0.43360313970379832  0.44450845184095883  0.45534762125869482
  0.46573964608168505  0.47610228421977840  0.48658466328012717  0.49759064312482720
  0.50862755294862361  0.51939627515273845  0.53056990838684526  0.54170279636534591
  0.55221875840444046  0.56246070109196999  0.57291538480908266  0.58344386625852818
  0.59379404904439070  0.60399537456828611  0.61418942333411852  0.62448862363179480
  0.63470068274250624  0.64493421790034455  0.65503681227565191  0.66530115692829184
  0.67564286989907785  0.68615421732719195  0.69651438845772196  0.70712107814637104
  0.71738445462736633  0.72743604879205814  0.73797276597410466  0.74868575298770434
  0.75921143345231423  0.76945200210774711  0.78030852660699423  0.79111884834922863
  0.80167955599801910  0.81223453597931239  0.82288459818385173  0.83348383686251393
  0.84363839079904179  0.85373130507418460  0.86422150453043423  0.87468390653458150
  0.88516493697880683  0.89548863971817794  0.90594909447780148  0.91633528101555450
  0.92654419624777240  0.93673097360255408  0.94711014667045224  0.95719715540115613
  0.96767607632366204  0.97816608620093337  0.98879356535941765  1.00000000000000000
  0.00003847320515775  0.00003979662129259  0.00004082210274711  0.00004180876976261
  0.00004285785709381  0.00004393225654406  0.00004493322713661  0.00004592716808541
  0.00004692088674104  0.00004790882682449  0.00004889595799590  0.00004989416738703
  0.00005090354064852  0.00005190687395035  0.00005291748563809  0.00005396252112828
  0.00005503353853091  0.00005612575383068  0.00005721898170079  0.00005831139163991
  0.00005940608358240  0.00006051479094574  0.00006163466629687  0.00006275636539069
  0.00006388418407036  0.00006503899406237  0.00006623478162712  0.00006746187416753
  0.00006870976909578  0.00006999698933932  0.00007133409370698  0.00007270638718076
  0.00007410800683682  0.00007555220156418  0.00007706341334427  0.00007863917299277
  0.00008025827162896  0.00008191511078774  0.00008360903164763  0.00008531985876343
  0.00008705939651163  0.00008892807021981  0.00009093397938539  0.00009300132410866
  0.00009513317285755  0.00009733323927119  0.00009963813129941  0.00010209413399475
  0.00010473373402261  0.00010753107430559  0.00011045682079164  0.00011345361939661
  0.00011657285033313  0.00012005760298765  0.00012375672703140  0.00012767586896558
  0.00013183543170608  0.00013620944176686  0.00014091107775014  0.00014595173393468
  0.00015128274879310  0.00015694636595665  0.00016303421704471  0.00016971463744629
  0.00017682731295641  0.00018438552901990  0.00019264430721615  0.00020168060003067
  0.00021097526743647  0.00022105981805886  0.00023208744292492  0.00024393909623301
  0.00025712528085614  0.00027198432742789  0.00028785444295824  0.00030468112337391
  0.00032305731980082  0.00034385193764768  0.00036791411564600  0.00039505797467028
  0.00042569349177961  0.00045967103715933  0.00049653367943488  0.00053631856102670
  0.00058489033457983  0.00064712062049935  0.00072689143051871  0.00081497955336480
  0.00091727330059214  0.00105856675071847  0.00124601459391395  0.00153105023106712
  0.00197541507711618  0.00278441921024430  0.05272462434134610  1.00000000000000000
 -0.00207254539634777  0.00868333270209633  0.01771297940362739  0.02833661601277650
  0.03839748676664838  0.04862998153524847  0.05861797438610810  0.06877175723210865
  0.07885335878033997  0.08900226426958992  0.09907320482554817  0.10920802579714824
  0.11940402680498630  0.12965446234765046  0.14000566776867868  0.15041967678631274
  0.16081430885372786  0.17119525728573909  0.18160257221043147  0.19212662625768206
  0.20283243926495398  0.21366968144675785  0.22467406066221615  0.23539951465684991
  0.24578852523668959  0.25619207600617283  0.26658825278566534  0.27712658864788814
  0.28736388958251308  0.29784594149695243  0.30858625509293247  0.31936951918336259
  0.33024366775189912  0.34091884681760976  0.35142771617215735  0.36207805521111330
  0.37295796566671091  0.38375014124955209  0.39461712189811199  0.40588108465228734
  0.41738621492160155  0.42820193942020834  0.43886392775131633  0.44993244252127257
  0.46078251762785760  0.47103575014725951  0.48141152957562705  0.49198974390207162
  0.50249426996077673  0.51304983113267122  0.52373082442623786  0.53458252506885928
  0.54536477957661855  0.55614459678737904  0.56696926648582247  0.57775043620713495
  0.58847686743525274  0.59919330414920891  0.60987372748841640  0.62054835927644880
  0.63121409112889115  0.64177914589280127  0.65218541971149913  0.66242883549196607
  0.67276259100008540  0.68346071351718374  0.69445062327611362  0.70546645854271517
  0.71614470700917598  0.72664382903442504  0.73728765841824218  0.74776656659779062
  0.75817351830505630  0.76874570035174727  0.77955715480499166  0.79037908623377773
  0.80080421217253639  0.81105106325059018  0.82132416661630181  0.83158812182441444
  0.84181899874339794  0.85196053370912339  0.86198808619875400  0.87227818693575976
  0.88297252396973158  0.89389918751271857  0.90458501957126725  0.91514979220693993
  0.92580155535988706  0.93675824972186883  0.94752487076471381  0.95807382493665771
  0.96879719911722506  0.97960533940279959  0.98966912880893954  1.00000000000000000
 -0.00235454718953293  0.00941306121701145  0.01903655990815848  0.02991141974913319
  0.04018593230495725  0.05069236226591645  0.06072691102915677  0.07150611841298045
  0.08253824234213009  0.09343106445394128  0.10439031592238049  0.11516830278279790
  0.12592881995696958  0.13667538512537200  0.14736077513532503  0.15780766022292805
  0.16823562711762130  0.17868745394600993  0.18902571111587363  0.19914090962884168
  0.20930597226466693  0.21933218909787100  0.22929367012732288  0.23963730765252633
  0.24998375903213746  0.26060533197247665  0.27110249938019260  0.28123176369003239
  0.29120821586983020  0.30102386450958413  0.31113804822924918  0.32137212251212355
  0.33187646089206768  0.34275034918765146  0.35385082293884013  0.36531458707214381
  0.37662720767171554  0.38742717029514445  0.39847936339709472  0.41002826845572821
  0.42065637659902816  0.43086996513917847  0.44139829681141346  0.45165299031688677
  0.46195248749303697  0.47224164848721756  0.48233594096123927  0.49253267269653589
  0.50239354108565215  0.51296940976267358  0.52351739603681002  0.53389718178771317
  0.54433894699619412  0.55610004923334799  0.56732175577936228  0.57828407641389867
  0.58857000645694768  0.59891991069657735  0.60910080158697966  0.61955138856491776
  0.63009094394033871  0.64090085333912217  0.65160668293748336  0.66239314710454167
  0.67312688799394271  0.68420455207614728  0.69493114404967649  0.70566184391764086
  0.71649071028056488  0.72732729737646007  0.73767614416619043  0.74801659384638730
  0.75845010759827913  0.76898051233425213  0.77954694897612409  0.79031473863538204
  0.80097376953534560  0.81143291924274752  0.82187103384642901  0.83236347716646375
  0.84308575055173762  0.85364235833245306  0.86441741473026390  0.87506121387966762
  0.88563938503395712  0.89617107654037564  0.90653998753895515  0.91671254230240173
  0.92688329633470334  0.93720261706078078  0.94795368783232148  0.95829042828656819
  0.96858859007505260  0.97924229242364469  0.98951541606598459  1.00000000000000000
 -0.00223639946171013  0.00884029176651317  0.01959609404297250  0.03074207379935205
  0.04234507359806595  0.05356774700314585  0.06434649882376359  0.07480104426902699
  0.08505532795759743  0.09538844451173618  0.10585103879525036  0.11611380340146939
  0.12599505396674404  0.13582698179842911  0.14555175069095158  0.15566170340950736
  0.16573353131939147  0.17638901629688761  0.18739421053421895  0.19814900114339137
  0.20834464463584004  0.21827433443698480  0.22830991859603439  0.23923669530912173
  0.24977463368870659  0.26054901412610487  0.27101959455561664  0.28211763130601891
  0.29302266990050774  0.30366339968926331  0.31430766483026445  0.32514534115175925
  0.33563970747954769  0.34621293025076649  0.35658615892765227  0.36702798652093055
  0.37760161256199892  0.38811828833495027  0.39859410837430365  0.40876927470505420
  0.41890367045154753  0.42912661535765129  0.43941453387057466  0.44936497169411654
  0.45938127826649366  0.46903900801464726  0.47889103707035291  0.48892557883758514
  0.49929215760008794  0.50954840949188995  0.51962874088159317  0.52981066190195392
  0.54020274421834502  0.55060580133805270  0.56107069368033913  0.57153206435487702
  0.58206689483711926  0.59240139940613123  0.60272471500999170  0.61309374946796424
  0.62359462153523870  0.63403806432626286  0.64483498817816276  0.65610257621387202
  0.66783351186115014  0.67892254125375751  0.69001505370952265  0.70095636145675921
  0.71148243219776997  0.72144715145016858  0.73167196111010446  0.74274795835218588
  0.75401304011574299  0.76500794415439255  0.77593202993306121  0.78700859073859175
  0.79828870093622717  0.80999606300556737  0.82095580469555762  0.83180800279540357
  0.84185796784890454  0.85214951728646049  0.86233475360762313  0.87252339464103656
  0.88267768882678643  0.89293069506888145  0.90318614336925251  0.91354751158265890
  0.92395620465848949  0.93456426908105483  0.94552401602697789  0.95642805392684471
  0.96734729910397244  0.97820401132287760  0.98892157361974764  1.00000000000000000
 -0.00213943919043074  0.00885808945518310  0.01896933291383103  0.02948295910051542
  0.04034475466274658  0.05089513524793103  0.06169871537402536  0.07258321008543807
  0.08328643930715177  0.09390773079005109  0.10449592427124627  0.11550543032890810
  0.12650860511282069  0.13749736175901175  0.14841427257123221  0.15899535239721765
  0.16916841691979206  0.17919552357661697  0.18924655890417097  0.19922448302300619
  0.20913732801157572  0.21922974765633463  0.22938960554842105  0.23949491556069422
  0.24967539295118377  0.25988422290501151  0.27005658171098923  0.28020239980846834
  0.29028932970737442  0.30032471715933418  0.31027231640296626  0.32062110897373625
  0.33124156291509577  0.34210745224472833  0.35284299770664940  0.36358450232557255
  0.37407823888999664  0.38483337525367733  0.39564079342302999  0.40584592321920215
  0.41617963454985174  0.42645609886455343  0.43682799452661991  0.44715107618667577
  0.45730629014197632  0.46738981132316321  0.47732528708638366  0.48744385705697513
  0.49767800627428005  0.50785911721579624  0.51821874873968066  0.52915224598744837
  0.54046216657343982  0.55153755837972795  0.56231850370088765  0.57335599459213693
  0.58433911106164993  0.59538686921289907  0.60629442906663233  0.61706918971916958
  0.62791932489835012  0.63899842931084772  0.65011874753160781  0.66104483817940718
  0.67183497027951555  0.68226772660074320  0.69266867399176757  0.70284035907706910
  0.71331204016449090  0.72389028932743715  0.73442573500441177  0.74504614455682061
  0.75596168577638312  0.76710268184418029  0.77849630341937215  0.78947374211969235
  0.80029017237782185  0.81078949336397987  0.82122799349081776  0.83157531558815712
  0.84176506747775481  0.85224386673961450  0.86284350639207608  0.87330034473989582
  0.88344555045848128  0.89373233765548887  0.90397245270174131  0.91433812473606602
  0.92502958279246472  0.93546334739188375  0.94582293374515947  0.95615851834103238
  0.96655927651261875  0.97777741392162121  0.98863899146660894  1.00000000000000000
 -0.00240353825434929  0.00938741191066647  0.01941006373001794  0.02980011951643213
  0.04010471708557031  0.05106656916007173  0.06206725415822045  0.07279839494651563
  0.08344168738326951  0.09400714356986598  0.10457122013873658  0.11531679561663347
  0.12620943353727906  0.13758015592589601  0.14857213101348771  0.15943137455365380
  0.17001770854861606  0.18068992872227110  0.19131416843262494  0.20203540021796890
  0.21261947521594901  0.22308185377760589  0.23315112735017016  0.24327019745428685
  0.25293725343212325  0.26268023295740239  0.27268123842375924  0.28289349320460744
  0.29304846439191878  0.30293479258610173  0.31302912323051491  0.32375408266999200
  0.33448129404248261  0.34535209398503847  0.35589817718278666  0.36687995556153374
  0.37769272292803391  0.38852441879873351  0.39925286196453130  0.40986728063906408
  0.42046723111285772  0.43126049772812136  0.44178331680594946  0.45230874696530138
  0.46262320675811403  0.47313823103016073  0.48375555157210470  0.49469684240145134
  0.50560610614130330  0.51626062283837060  0.52679018701838098  0.53732838836269903
  0.54819973719528581  0.55909723385528276  0.57002590800078290  0.58082442787824873
  0.59127302755198841  0.60171049826290057  0.61211415406266756  0.62251570016519331
  0.63299467610532056  0.64325964436259819  0.65376575296745110  0.66438054290029647
  0.67500292139737783  0.68563141424924501  0.69623336610884812  0.70681956881756314
  0.71688600678864611  0.72673323701078918  0.73671976183984822  0.74701349950210583
  0.75717061969998511  0.76714703547516871  0.77731946200932378  0.78780317524900967
  0.79848576285953954  0.80925965913609421  0.82033689725609504  0.83122807676388122
  0.84166568474792081  0.85204970894766696  0.86254870068140765  0.87331404133990909
  0.88393749801040467  0.89463528776283852  0.90495639484248414  0.91517073629324974
  0.92572335756595381  0.93605594459363828  0.94655319252936732  0.95710263964354803
  0.96795737596855558  0.97889306634743944  0.98939291527128270  1.00000000000000000
 -0.00222728841758899  0.00873911334999474  0.01881000773069503  0.02955520386366224
  0.04021793929621290  0.05084960914580042  0.06176086728037183  0.07292771104229807
  0.08390429384263022  0.09471046437861259  0.10536412084800531  0.11610918326811967
  0.12696959177407011  0.13784661044272592  0.14885211860375849  0.15992233258647931
  0.17077086040668032  0.18134496769917727  0.19162385451159614  0.20166712469480413
  0.21146863446165981  0.22106210414607289  0.23090305672715708  0.24103405306481782
  0.25133335654273953  0.26160053752034673  0.27212109863972805  0.28296095402270255
  0.29389885365266749  0.30481747468210452  0.31558685430415051  0.32591813255773572
  0.33621843125596329  0.34630403930604947  0.35649571889718423  0.36692358601763858
  0.37750930740539534  0.38823406144738420  0.39898703288800241  0.40992555326067637
  0.42089714319871746  0.43192923654252668  0.44299726842366383  0.45388929954357921
  0.46466540000694717  0.47540459172711286  0.48634553202387198  0.49762268302981383
  0.50924299979005438  0.52114139187058184  0.53314814905973928  0.54459636796686350
  0.55515475204723286  0.56531177801311472  0.57510557572013443  0.58484263267139924
  0.59465249464333403  0.60456111132748913  0.61474403956567891  0.62524767690331717
  0.63619346302666180  0.64734092504413909  0.65843316241939776  0.66940404798256248
  0.68023312521813062  0.69076866795176040  0.70112396829528600  0.71143471610124565
  0.72176876948872659  0.73202319618987777  0.74219996209768357  0.75244002283878142
  0.76275675706111756  0.77298010668004158  0.78310126117455992  0.79320448681686773
  0.80323222956864415  0.81322829340566738  0.82312782570744492  0.83320506120138516
  0.84352959364949076  0.85388831768727902  0.86396693956992332  0.87416405961960375
  0.88452769007226051  0.89492318452670816  0.90515693508937356  0.91496389462730865
  0.92527386045376758  0.93536006298675045  0.94612692524192865  0.95699114846291766
  0.96806675420391120  0.97892154650300633  0.98968687132411326  1.00000000000000000
 -0.00235960653343011  0.00928779554947852  0.01964429344922419  0.02986994095465661
  0.04026948928189689  0.05103375869497435  0.06188763250115760  0.07246483317695959
  0.08288415315612635  0.09322542307966976  0.10337673512770840  0.11379563701658876
  0.12441585153410940  0.13506237520189518  0.14558577843870890  0.15595397906881112
  0.16641316806811746  0.17653974475672202  0.18651072654037770  0.19666238441276115
  0.20694146203713559  0.21752451236377562  0.22844604043350583  0.23913420173725089
  0.24974229589358010  0.26017254205897505  0.27044216847783198  0.28074351006678994
  0.29111399513341490  0.30157832678780161  0.31193564682635982  0.32220919564748840
  0.33256236236951831  0.34300468798610206  0.35340464172355812  0.36378353104367583
  0.37428479132159420  0.38492016328961565  0.39566190708836391  0.40630430128126938
  0.41677447274543494  0.42719842192615165  0.43739048851800721  0.44772497145677254
  0.45789079674815847  0.46843077942771405  0.47917721887165660  0.49043591326235986
  0.50185365236295365  0.51301691676813865  0.52397809730760148  0.53479223380763230
  0.54573576993713635  0.55684631618126468  0.56745840748548371  0.57791859329995277
  0.58822730373405174  0.59838842726244501  0.60850734492223757  0.61855087995618496
  0.62861618861389168  0.63921984968847589  0.64968621073733523  0.66013546967826553
  0.67067618440562360  0.68140126361670328  0.69235179670465496  0.70316270238293044
  0.71360052771451599  0.72412446870551983  0.73452972568536257  0.74504617690054309
  0.75543996261513513  0.76582656143526651  0.77594810564435035  0.78603586746730647
  0.79636604060750449  0.80711941655003061  0.81800867196802252  0.82910757968221760
  0.83975541824311817  0.85034780011474331  0.86096850116454449  0.87177880413017272
  0.88246917225340904  0.89312367091601852  0.90390791957089978  0.91476144445463847
  0.92528700536307029  0.93560062455357618  0.94611664966536368  0.95622612808648877
  0.96666342890661405  0.97725503618048881  0.98860001347991777  1.00000000000000000
  0.76611625688570117  0.76747146430739577  0.76929054366376348  0.77111601165420351
  0.77329083676426136  0.77557079728148470  0.77776024719791703  0.77991100743082620
  0.78205005444259867  0.78419504997783074  0.78637769461414497  0.78857658860535751
  0.79071601624271537  0.79275677005971590  0.79472941844718115  0.79671216339748863
  0.79870349147213893  0.80068597584634005  0.80267280143694941  0.80466230972999875
  0.80666599413757623  0.80867390727579813  0.81067354731006591  0.81264644143786180
  0.81460104376830422  0.81655242888981860  0.81851663922954654  0.82051440611460869
  0.82253407629666464  0.82453206307036875  0.82648547487370394  0.82841820272777689
  0.83034165115710790  0.83228584528989336  0.83430442268870275  0.83639399975825612
  0.83851176589534926  0.84061222653282208  0.84268476325832598  0.84471465551384284
  0.84671890198216893  0.84870995898480805  0.85070693901122540  0.85271531907630604
  0.85472377940851241  0.85673336335440886  0.85874962833107571  0.86075957254737934
  0.86277357412987155  0.86481077015779495  0.86687842491460632  0.86895910254602593
  0.87103299097985065  0.87308651714611218  0.87513656867808087  0.87716889255541686
  0.87919227471091366  0.88124554735952221  0.88333600920747579  0.88545940338254214
  0.88760215844879664  0.88977498525964915  0.89196185342192980  0.89415979221266029
  0.89634688825198716  0.89858793237816659  0.90083926124678138  0.90311957267453014
  0.90534402825682581  0.90760251454177032  0.90986272110645749  0.91212193774519812
  0.91437970065662066  0.91668720151444338  0.91916760858698621  0.92170205649098902
  0.92424061013807357  0.92685042975683096  0.92949464733990339  0.93215688603653113
  0.93484864848162885  0.93757363014242145  0.94037981294652473  0.94325569625024575
  0.94618203494301367  0.94922280008499005  0.95234763664402144  0.95555321841034047
  0.95892902767603316  0.96259078949191434  0.96651537748058325  0.97067777991836135
  0.97522952275590480  0.98054942381839227  0.98815221320665214  1.00000000000000000
 -0.02206207741541198  0.10069473030628179  0.14228962546526722  0.17090461320886469
  0.19371456110754362  0.21282979913995292  0.22971323995998102  0.24480175865842999
  0.25860251287931108  0.27084997070964389  0.28170770885901308  0.29164459060708642
  0.30085108163275354  0.30965854362981371  0.31787005126565399  0.32560867525143561
  0.33306069967471713  0.34027013311605853  0.34732885016487347  0.35410739697983806
  0.36054352430808095  0.36671095401001802  0.37270474768833406  0.37850626572427093
  0.38412356556100513  0.38957019096507278  0.39492457588312002  0.40031059909298544
  0.40568569042305097  0.41099868504665477  0.41623952413535853  0.42141393963455254
  0.42658267001895694  0.43174674363254045  0.43686675375084888  0.44195524270995856
  0.44701971470392959  0.45213499314748756  0.45726900763774531  0.46226267985806663
  0.46705296454831879  0.47197882264513374  0.47686137291245656  0.48170331503703467
  0.48659338114917144  0.49135973891156248  0.49608694469636661  0.50072032934499433
  0.50533617711823309  0.50996408915186364  0.51453698265106362  0.51903054281290906
  0.52349360440020598  0.52800489905045311  0.53260639011815081  0.53728907380723612
  0.54196311280616349  0.54657747667600787  0.55120590398605795  0.55587060599583060
  0.56062042000477741  0.56549582322371295  0.57043710875080977  0.57535276242498323
  0.58032301025088073  0.58546943504159099  0.59076097781499692  0.59618564757217607
  0.60152287225068402  0.60688422815692167  0.61232361682214009  0.61783208538933621
  0.62348431046617669  0.62943925270721468  0.63563396565613961  0.64199307356614554
  0.64846116919306562  0.65509338449913446  0.66195207879399298  0.66917911856443768
  0.67679133878346653  0.68469277677119422  0.69306241570597282  0.70188497231472169
  0.71122245720441535  0.72130776710962818  0.73228451601463562  0.74399458107416738
  0.75649851541827251  0.77040902560767821  0.78689970335918435  0.80606815492085360
  0.82874470129563116  0.85641509769237967  0.89735861590258137  1.00000000000000000
   3.6791072370045655E-022  -1.0000000000000000     
 T T T T T T T T T T T T T T T T T T T T T T T T T T T T T T T T T T F T F T T T T T T T T T T T T T T T T T T T T T T T T T T T T T T T T T T T T T T T T T T T T T T T T T T T T T T F T F T T T T T T T T T T T T T T T T T T T T T T T T T T T T T T T T T T T T T T T T T T T T T T T T T T T T T T T T T T T T T T T T T T T T F T F T T T T T T T T T T T T T T T T T T T T T T T T T T T T T T T T T T T T T T T T T T T T T T T T T T T T T T F T F T T T T T T T T T T T T T T T T T T T T T T T T T T T T T T T T T T
  <DiscreteSampler_grid>
  grouped_processes
  1 # 1 for a reference and 2 for a running grid.
  10 # Attribute 'min_bin_probing_points' of the grid.
  1 # Attribute 'grid_mode' of the grid. 1=='default',2=='initialization'
  0.0000000000000000 # Attribute 'small_contrib_threshold' of the grid.
  0.5000000000000000 # Attribute 'damping_power' of the grid.
 # binID   n_entries weight   weight_sqr   abs_weight
    10   10   1.444354113627223E+001   5.916789693518397E+002   1.444354113627223E+001
    11   10   1.444354113627214E+001   5.916789693518333E+002   1.444354113627214E+001
  </DiscreteSampler_grid>
