 -0.00000000001949873  0.00000000023517225  0.00000000068285176  0.00000000124383060
  0.00000000186874940  0.00000000253101988  0.00000000322920538  0.00000000396775983
  0.00000000474103089  0.00000000552429486  0.00000000634711886  0.00000000717282362
  0.00000000801128951  0.00000000889765554  0.00000000982705222  0.00000001073887290
  0.00000001163905821  0.00000001255872620  0.00000001349933453  0.00000001446203252
  0.00000001542753803  0.00000001638765548  0.00000001736294844  0.00000001839385823
  0.00000001943705066  0.00000002048506153  0.00000002153995802  0.00000002261148576
  0.00000002367653536  0.00000002474537145  0.00000002587894863  0.00000002707115771
  0.00000002826070297  0.00000002944820828  0.00000003064817506  0.00000003186678938
  0.00000003309255169  0.00000003432095767  0.00000003555126239  0.00000003677772611
  0.00000003807367415  0.00000003942496225  0.00000004078044334  0.00000004215844323
  0.00000004354737272  0.00000004494787703  0.00000004636049484  0.00000004778601524
  0.00000004922386872  0.00000005066525516  0.00000005212546976  0.00000005363266626
  0.00000005519127160  0.00000005677933627  0.00000005839674075  0.00000006004411815
  0.00000006170280016  0.00000006339102619  0.00000006509040113  0.00000006680221094
  0.00000006854967484  0.00000007031601631  0.00000007211666563  0.00000007393978313
  0.00000007576399027  0.00000007765852823  0.00000007969606951  0.00000008179395941
  0.00000008392511413  0.00000008611379780  0.00000008831173229  0.00000009055848992
  0.00000009286808448  0.00000009521492177  0.00000009761061971  0.00000010008011424
  0.00000010261644858  0.00000010521329148  0.00000010786731912  0.00000011060319821
  0.00000011353885569  0.00000011676764790  0.00000012025909516  0.00000012396841498
  0.00000012800503080  0.00000013226218187  0.00000013677155866  0.00000014161104190
  0.00000014675618670  0.00000015227639765  0.00000015835885918  0.00000016564421350
  0.00000017617663046  0.00000019590558628  0.00000021704706741  1.00000000000000000
  0.00911163081317107  0.01748739794937355  0.02801724119536721  0.03955547860633235
  0.05027863897186204  0.06072337347251930  0.07126805345443483  0.08179334894129978
  0.09196552461184870  0.10198680254559399  0.11224079650285210  0.12285889888034301
  0.13323690419128678  0.14354825573513944  0.15382588431844524  0.16418120651602192
  0.17444083147999459  0.18467685206838580  0.19494623548231710  0.20511693096518310
  0.21529570872722947  0.22565960247979089  0.23662847387854052  0.24828426106973783
  0.25965767995687478  0.27034610244855595  0.28117684059027331  0.29157547636170333
  0.30149513823858165  0.31125618208808586  0.32147850706030462  0.33191438891984681
  0.34202427450069434  0.35212688849052642  0.36255900903828336  0.37295730646783298
  0.38297840142064443  0.39294819147816357  0.40300620747143034  0.41293998405546078
  0.42269447258976262  0.43246744718807811  0.44250427344546284  0.45289232311596928
  0.46346946899282376  0.47433858896253572  0.48546807608830833  0.49667444005540218
  0.50805388678773622  0.51918965973952302  0.53008567375611637  0.54088900124222694
  0.55162255751364953  0.56226556519143212  0.57287499978934564  0.58367449615453026
  0.59470778322792095  0.60572468887502140  0.61650646470025516  0.62708957897895534
  0.63774369402698972  0.64852978252752302  0.65924638797826629  0.66940057060575564
  0.67932405056433831  0.68949281340596746  0.70014466806298314  0.71073552808344487
  0.72074753834076322  0.73046629973656940  0.74040272162181486  0.75061599617834163
  0.76085207019354095  0.77098187829320897  0.78136259692225929  0.79209101659872949
  0.80286329696994130  0.81366222153718770  0.82438511241014778  0.83502901783479888
  0.84567317094895977  0.85638657083202108  0.86699529662965469  0.87761216881770299
  0.88834575095515256  0.89900316030848570  0.90933022196607582  0.91977278318245370
  0.93026120085847863  0.94066135553418961  0.95077239732673835  0.96099579871770169
  0.97163966066357965  0.98221173187577315  0.99127500334337437  1.00000000000000000
  0.00892464709543908  0.01783098845274442  0.02799678687364325  0.03881031962075876
  0.04978446384001392  0.06090124616783722  0.07238824696614156  0.08367786680251571
  0.09483873049647241  0.10566046843763580  0.11608794573477799  0.12653948051690125
  0.13678260845098780  0.14658282047218860  0.15606206021969324  0.16561627742938856
  0.17630842413509012  0.18717195749457219  0.19742455037613019  0.20720339707727170
  0.21717516284016447  0.22722265553009904  0.23722971138679952  0.24692226093041802
  0.25713495248079699  0.26767895966228805  0.27784491383251253  0.28814556962439791
  0.29835986477711302  0.30825741722737099  0.31821347976882031  0.32850663238075239
  0.33905493186316676  0.34978291737454009  0.36037716588211277  0.37090469226694039
  0.38125983814210240  0.39140149177866040  0.40141372189820312  0.41104586542703520
  0.42076697213691516  0.43034090045702716  0.44008803410037650  0.45015847638733963
  0.46057856604518327  0.47102113675353535  0.48119638657730263  0.49114946233030005
  0.50107232536942692  0.51102898854984058  0.52099299924255127  0.53083582118946748
  0.54074959539023171  0.55103347227388511  0.56154306915553331  0.57201826597986505
  0.58254736510475580  0.59343286602506384  0.60453516558229270  0.61552557608237835
  0.62651653345484004  0.63757606847118442  0.64847982298179263  0.65920169344473922
  0.66988550339437669  0.68054421963081624  0.69113345102269785  0.70169139872311548
  0.71254005136482268  0.72368968952651380  0.73488002210250225  0.74585673432124266
  0.75668274393126655  0.76734835881564012  0.77782851174495871  0.78828620758635237
  0.79901695164692488  0.80985368618434628  0.82041054410934988  0.83087082718916516
  0.84147374944289388  0.85183226176448257  0.86243881614262441  0.87308695308845774
  0.88351795860058646  0.89375170402945225  0.90441108709735885  0.91518485529160587
  0.92582293829564322  0.93614607226020141  0.94648939654648601  0.95679707510265932
  0.96700031418556032  0.97755503222800977  0.98827565552154761  1.00000000000000000
  0.00003822233662920  0.00004023714933118  0.00004167414992526  0.00004317500736700
  0.00004461667803346  0.00004597731392770  0.00004729722994479  0.00004861278139886
  0.00004992612267702  0.00005123181014850  0.00005253631758460  0.00005384996431849
  0.00005517510948825  0.00005648317384330  0.00005779752063585  0.00005911419041772
  0.00006043036213775  0.00006174563375154  0.00006307120577980  0.00006441464825943
  0.00006576317562675  0.00006711278048151  0.00006848242427807  0.00006986822783535
  0.00007126323057833  0.00007267288952746  0.00007410299930342  0.00007556620837946
  0.00007706934746862  0.00007861559896916  0.00008019656405409  0.00008181025366937
  0.00008346035538673  0.00008513499471703  0.00008683350933665  0.00008859058086210
  0.00009043857665742  0.00009234627826104  0.00009428544007745  0.00009627223836815
  0.00009827735890592  0.00010037613414461  0.00010252137530661  0.00010479725903573
  0.00010714889400135  0.00010954503511038  0.00011204417491520  0.00011467404509965
  0.00011742407966645  0.00012034224847993  0.00012351968488863  0.00012682066607350
  0.00013020550212143  0.00013370519396757  0.00013737646986929  0.00014124943694766
  0.00014537495043655  0.00014985411554252  0.00015471593754267  0.00016002572541947
  0.00016569476299549  0.00017157030949227  0.00017768327405446  0.00018429203118843
  0.00019158860179031  0.00019960881938723  0.00020808750642098  0.00021709357812869
  0.00022696998748669  0.00023771635285070  0.00024938691562443  0.00026231396831270
  0.00027624703724197  0.00029033545592407  0.00030754161528447  0.00032756144654149
  0.00035130804928086  0.00037871105134083  0.00040778055192444  0.00043857923985588
  0.00047238710349038  0.00051312602791020  0.00056028565716127  0.00061562922303726
  0.00068113238055101  0.00076326245649482  0.00086426684312774  0.00098542331725754
  0.00112666080116327  0.00130390564852682  0.00159229132944719  0.00193839733558691
  0.00245923209774631  0.00358708901234544  0.47773186595188943  1.00000000000000000
 -0.00234426630638049  0.00899697805967317  0.01955244450539309  0.03017261606755426
  0.04119272456454746  0.05181783275304012  0.06223473304297070  0.07278236734644988
  0.08318536757892610  0.09406232534939503  0.10502123637490592  0.11616226694601667
  0.12752297821938724  0.13890328457186343  0.15003996481311652  0.16073250701036065
  0.17095011872078325  0.18108238855521128  0.19118371696530387  0.20154014099292136
  0.21217975522537930  0.22305156401782636  0.23380305030977147  0.24438853237402614
  0.25502209012305371  0.26581035585709606  0.27647057974875749  0.28728629746381501
  0.29801232394709321  0.30917039602630758  0.31895480490145345  0.32875186540581169
  0.33855784151885449  0.34840283845621661  0.35801744285270870  0.36762057539479426
  0.37730251687180721  0.38808696612272059  0.39893810465531149  0.40972083586285168
  0.42002252300731757  0.43007684133933211  0.44027224951405752  0.45050421899470816
  0.46067255030814841  0.47077352711513820  0.48149485730603386  0.49300961102680962
  0.50463716174175388  0.51598017304360455  0.52657108578603729  0.53682184659357557
  0.54676546965195383  0.55663329398032491  0.56664682967139979  0.57669339628173732
  0.58692263593975569  0.59733501364090735  0.60798892361917178  0.61887785963982289
  0.62980798692575257  0.64081032088157264  0.65174075311294299  0.66273310560223564
  0.67335145768844606  0.68360438889098862  0.69385713717002295  0.70413239177614295
  0.71408197633851644  0.72356526426942280  0.73295939204781824  0.74304539507054190
  0.75338113156471009  0.76385016606143386  0.77436444991392561  0.78573038193541744
  0.79710354725503119  0.80856406606104680  0.81974259624956347  0.83063742381385497
  0.84111505838056277  0.85155246926901451  0.86238700536358859  0.87317456341881616
  0.88437636232282568  0.89537748540412476  0.90635964858255236  0.91719206182836177
  0.92791105505903404  0.93871121095969356  0.94942268382722184  0.95993115211315128
  0.96998960130763023  0.98017849259380563  0.99015575303415782  1.00000000000000000
 -0.00219347610440436  0.00897418299398233  0.01894026291467091  0.02916206505785280
  0.03960486049006504  0.04946047014727012  0.05963598390219186  0.06972381630422904
  0.07996414437349986  0.09000934377765540  0.09991596601593172  0.11008393343383338
  0.12075834601128499  0.13146416030122024  0.14199067598300574  0.15273160197473579
  0.16414459625880476  0.17543876500936809  0.18710154510187429  0.19784988341666357
  0.20878739925997739  0.21886941235114668  0.22949437876285533  0.23962282655875083
  0.24965211187415731  0.25936299173694943  0.26924494390954279  0.27936491139338415
  0.29027184611393114  0.30143780783245350  0.31316713234420646  0.32412101809286870
  0.33501442926429986  0.34578349176378537  0.35665975857680871  0.36753590103368694
  0.37813128537685303  0.38864172960528048  0.39910073216560821  0.40969359792804888
  0.42032301095682456  0.43110135546081479  0.44176367817180506  0.45229266383688327
  0.46290400150975719  0.47362578134884187  0.48443604747889707  0.49497517513895545
  0.50570894919865705  0.51661816317489806  0.52760417108286961  0.53856406206303087
  0.54863878572213010  0.55857600681671360  0.56835446394850264  0.57794615777265990
  0.58768603375414674  0.59748874018428799  0.60728879946742986  0.61849432188433429
  0.62921321090202376  0.63976403196262077  0.65075755579962147  0.66185780594036037
  0.67312724085339171  0.68405567659089672  0.69480565831293173  0.70538627771210405
  0.71535211580848490  0.72498665791368977  0.73476871437065572  0.74452164153240308
  0.75415279364462706  0.76389404096819113  0.77394006726977016  0.78430855356795881
  0.79478188727329313  0.80530610362958932  0.81590117893493463  0.82664182643090489
  0.83773110844711185  0.84894290998931232  0.86005121840020604  0.87079680046367502
  0.88148767533700711  0.89244566488047550  0.90339298447112948  0.91417900734196977
  0.92490603762440993  0.93570494596798459  0.94665931388511904  0.95744808386396318
  0.96803083116680244  0.97843004286573476  0.98895788793801986  1.00000000000000000
 -0.00246012322820861  0.00952366128158241  0.02018462311361409  0.03042842819603403
  0.04110676865239779  0.05040688818037847  0.06006701027030024  0.06981986726203791
  0.07960336650846708  0.08941830271927427  0.09899778940978911  0.10903296706834309
  0.11965466927345147  0.13009828206322369  0.14031968602311518  0.15080053576352087
  0.16189858581678790  0.17337676026742802  0.18475340775383592  0.19558605327892165
  0.20605517623990732  0.21673133369059033  0.22768872163023127  0.23850104456066104
  0.24906534211139386  0.25964207243938492  0.27028579376219625  0.28101668055205170
  0.29170642805560687  0.30251927613476060  0.31315531878918096  0.32424939245539947
  0.33504685051532462  0.34515152434188878  0.35568331165640282  0.36621044644516665
  0.37679429260927599  0.38721643541766104  0.39756592893776432  0.40833129917596772
  0.41917229165525910  0.42986920395589734  0.44055959386613108  0.45097035574598471
  0.46207490564711540  0.47339619825020018  0.48469740969380037  0.49586028464762488
  0.50663797999271476  0.51720104381128018  0.52744650599358056  0.53788929992115919
  0.54781769632091748  0.55783687474467547  0.56787657336495379  0.57815536398483569
  0.58803668116943586  0.59829250076518969  0.60847286560524427  0.61985077774671060
  0.63053210693990647  0.64131975477622793  0.65204133167118938  0.66245840825024460
  0.67290623506502034  0.68332525904558949  0.69382996222233662  0.70425422427712603
  0.71488480747830419  0.72607263193103289  0.73633844839446061  0.74671471065675454
  0.75733265620228951  0.76842670312335415  0.77919941211447608  0.78950209211580780
  0.80031808062024379  0.81097042149002851  0.82104442386442578  0.83090796593793748
  0.84141473982173165  0.85190218119856420  0.86220538494528454  0.87234021220881286
  0.88353207000602174  0.89404560002423850  0.90512538045403279  0.91584502001235579
  0.92592804231935621  0.93604943446319666  0.94679961869321405  0.95823714605053667
  0.96878849354782992  0.97905018872061678  0.98960550456777729  1.00000000000000000
 -0.00211987692036216  0.00874300612701351  0.01809977095308096  0.02836175026700802
  0.03821657575349012  0.04913205344208761  0.06052937926919369  0.07123576960471115
  0.08137984703324011  0.09177173441907617  0.10236591914256420  0.11284844717206197
  0.12324482555702011  0.13360757630032494  0.14424229527204827  0.15464133574084057
  0.16459444858854738  0.17443067492394340  0.18456965535969033  0.19507019536428108
  0.20620962539278506  0.21685571147272931  0.22749302162871135  0.23824099245635119
  0.24890739831666697  0.25941957677301031  0.26969644651556296  0.28019320994970875
  0.29098550985208971  0.30145073307579207  0.31193792231199363  0.32274217430153890
  0.33353264001365013  0.34398840434877653  0.35421235743170787  0.36468312068028225
  0.37558150696957904  0.38645145860098085  0.39716556025419886  0.40805660162593438
  0.41912181852749980  0.43022342522654927  0.44139921598149962  0.45234342453432275
  0.46391748888826567  0.47543514711112894  0.48639667995605196  0.49676405762118031
  0.50725978299050967  0.51771817298795197  0.52803553396192571  0.53814277599429861
  0.54861599051678955  0.55932745902605641  0.57004197001316681  0.58078676822306297
  0.59152058623863479  0.60220653246945499  0.61267021556466494  0.62303559397054298
  0.63321056701520106  0.64338604470152416  0.65387530599459798  0.66416616504428183
  0.67472906297781188  0.68532143464760142  0.69579433689671877  0.70603905236875120
  0.71607461407020667  0.72613472592313000  0.73610117574955625  0.74606395638505563
  0.75670922274482222  0.76710303774858368  0.77736304020815139  0.78760064967565457
  0.79811359418189742  0.80897636843926302  0.81954351598435482  0.83021426537752674
  0.84059866199253674  0.85119626224190925  0.86161420693817303  0.87263054925909322
  0.88317463539761243  0.89408128870292025  0.90457756476970774  0.91504947917354795
  0.92589858073355236  0.93681679917791250  0.94806942172586395  0.95918789732655974
  0.96983606455103621  0.98015829073016747  0.99011379537583322  1.00000000000000000
 -0.00213982720401743  0.00851824835068371  0.01839932158528852  0.02829941881641500
  0.03787640314582908  0.04735110457104225  0.05678291792253785  0.06676941478999453
  0.07694051437105830  0.08776474023664979  0.09870651861135092  0.10933434252379916
  0.11958008609825499  0.12999833159933183  0.14072144693812824  0.15114807597572857
  0.16180449524908491  0.17246611031123588  0.18322687996489592  0.19404624298757955
  0.20458382815176965  0.21455982492574066  0.22415241560683960  0.23432145778437941
  0.24463638036680438  0.25514946795936022  0.26560106184060456  0.27636975601654712
  0.28735269073891723  0.29819294543985819  0.30881870175654452  0.31955328941503514
  0.33030476851735896  0.34110468907244407  0.35191619348676417  0.36287195285841667
  0.37410579097466606  0.38483990731180345  0.39560659019834510  0.40637355822321064
  0.41749867104599925  0.42861524773980264  0.43996229898499456  0.45174657381474037
  0.46365563407527860  0.47538842623413630  0.48664830038041990  0.49781550504446798
  0.50881393381266182  0.51977069788883157  0.53084761937313740  0.54205331923848543
  0.55310532554810909  0.56400665727002697  0.57509624095500744  0.58597543608853897
  0.59686305493086755  0.60729357745711765  0.61750746364708342  0.62769401397604885
  0.63804145217317265  0.64798682035716626  0.65808972628550733  0.66793339146067021
  0.67961311480657094  0.69057743243398839  0.70151699242957166  0.71241948247598608
  0.72364407424301092  0.73447414659373433  0.74534131288451044  0.75637283736278327
  0.76728670995566073  0.77811455748194502  0.78885368086581720  0.79988235651616491
  0.81074915653486446  0.82085123038089514  0.83065687623853290  0.84059998654054902
  0.85048317076705371  0.86003658287092066  0.86927463602510402  0.87866258954109855
  0.88823878117272359  0.89778008540522758  0.90749541041556414  0.91724742562137962
  0.92708122265032777  0.93704155450888182  0.94735680869363237  0.95826214367584905
  0.96904590544339175  0.97978090734378520  0.98998905535080428  1.00000000000000000
 -0.00239989089324651  0.00971283554713014  0.01981187630699780  0.03057835517752143
  0.04150090762566954  0.05219745015649016  0.06261450677095633  0.07337399625058502
  0.08363447927818579  0.09388942472457715  0.10415809259162732  0.11496761400765418
  0.12588410118520019  0.13690165175761859  0.14784965646608736  0.15867280222835423
  0.16927484205119706  0.17943560635439831  0.18955787570043856  0.19976702222482445
  0.21025675207695566  0.22088690658338006  0.23177884872792562  0.24306325914305615
  0.25399785426019289  0.26453385399661805  0.27486553700231992  0.28515929498372478
  0.29549849216393870  0.30594034323402375  0.31660498634169260  0.32771115377085280
  0.33876189544056973  0.34974278682340360  0.36026406916765485  0.37090879123653342
  0.38187405749680542  0.39297498260222363  0.40358255535331267  0.41399744159873486
  0.42455523787397037  0.43522044020713940  0.44551977819118510  0.45579504004093324
  0.46619054247158837  0.47661778471893446  0.48653576732745901  0.49632037306717997
  0.50656544794449243  0.51723239972093105  0.52782349808608608  0.53803650025850047
  0.54800328310759816  0.55820891251485527  0.56867610129260460  0.57896600150195576
  0.58903269106959277  0.59892443530147321  0.60897538206427948  0.61920892008624495
  0.62929427793810622  0.63913136974018192  0.64904245404721106  0.65925088367305285
  0.66967368505376523  0.68037830521789711  0.69079170459706229  0.70065461410234098
  0.71031700975831091  0.71994817035225700  0.72962769710146147  0.73941108766759600
  0.74936530084778519  0.75970636487363896  0.77014091790892969  0.78053133172047695
  0.79114461217719922  0.80229471661140905  0.81357026193165038  0.82442025683224074
  0.83476180048164239  0.84491987395974422  0.85524312916420897  0.86589437588228968
  0.87670489291537079  0.88764858051485274  0.89875271390216305  0.90991757816244645
  0.92112966690683884  0.93227838795029261  0.94346030337320497  0.95450374656115355
  0.96566086160935927  0.97722988614128958  0.98830827169293733  1.00000000000000000
 -0.00265819128850475  0.00983358664187851  0.02042815880985387  0.03110519585778722
  0.04169214216448733  0.05238712135408155  0.06324675661908530  0.07427350584497495
  0.08502024224166171  0.09562118455419963  0.10641140059394746  0.11727475909732810
  0.12801155203540046  0.13871645026006468  0.14962771409475525  0.16069695190292557
  0.17135607308935702  0.18153644143967329  0.19163391037121499  0.20156904575554144
  0.21165382824155912  0.22131034265516730  0.23168683624174002  0.24278518915442304
  0.25352835189725176  0.26414351330858171  0.27492395875752262  0.28563865721603998
  0.29612312838472338  0.30632032243707796  0.31686635543937658  0.32782107746357547
  0.33866435160377301  0.34953023747494005  0.36004829015944978  0.37033144269824403
  0.38078465209342205  0.39141274549925098  0.40186864580432641  0.41230382086660905
  0.42252151346779776  0.43231284615689919  0.44219923877371703  0.45211853584967793
  0.46213929213506372  0.47229250163442282  0.48283248217196856  0.49412537670317869
  0.50488893196822238  0.51547474684027617  0.52597248359903004  0.53664108097547958
  0.54723695872553457  0.55771427360992154  0.56842049047745657  0.57941674925842790
  0.59063095888850015  0.60158690837434781  0.61263806886873817  0.62360671985430249
  0.63479483863211039  0.64609243100989566  0.65728095814955745  0.66848693668451742
  0.67967095282161283  0.69068515077787374  0.70166322053424313  0.71260151694984530
  0.72337860895265671  0.73377836018461873  0.74390670149718885  0.75412468794829568
  0.76443684711428728  0.77471140296137686  0.78455673133311365  0.79437424681055491
  0.80404074168040951  0.81370462190106319  0.82368006936940685  0.83394604464384670
  0.84425767782707206  0.85439608284432222  0.86480363377859171  0.87545834337058293
  0.88608887415691717  0.89666390939334306  0.90761331157202008  0.91852705007869107
  0.92891964137135841  0.93947313238387253  0.95041532084084457  0.96070105866506761
  0.97071083700445504  0.98058726002755026  0.99039278275036924  1.00000000000000000
  0.69853733194432421  0.70127256730251386  0.70322522661838893  0.70519695766304258
  0.70723880872682776  0.70940068312137639  0.71177505729017820  0.71415754267641018
  0.71650950555091752  0.71882307622161534  0.72108929814986333  0.72340485876753891
  0.72561922718240901  0.72785844696439050  0.73002755541400155  0.73224395198264602
  0.73448905619644977  0.73672945592526806  0.73896821319155181  0.74120662698883522
  0.74350539590446540  0.74579458053717140  0.74810346859808108  0.75043138853753977
  0.75275430793060516  0.75506458364686568  0.75733251161418336  0.75960342555342975
  0.76189270764192651  0.76424047287451369  0.76659940985437947  0.76893954347759341
  0.77130956320624366  0.77373683225181933  0.77620584192898867  0.77869483474627033
  0.78117535477609024  0.78362324160806385  0.78604270404576626  0.78844310036395504
  0.79086394173113217  0.79332958335514436  0.79583396861038780  0.79834126619309753
  0.80083682346489271  0.80333371951928612  0.80580542234387642  0.80827631854229853
  0.81076114567580948  0.81329415319627663  0.81588162202461589  0.81850607377356566
  0.82116407702110095  0.82380845902194955  0.82644199305991262  0.82905167078538200
  0.83167583835959669  0.83435386290263835  0.83705425301029723  0.83979088247253297
  0.84255069042642006  0.84533734733930799  0.84815457331443012  0.85102605655617114
  0.85393270406467947  0.85682151004063067  0.85968118159647500  0.86257901164855788
  0.86557368992938577  0.86862349532034566  0.87166978929162453  0.87474070599508624
  0.87791171648052513  0.88118209859578600  0.88448378188348320  0.88776196076967728
  0.89101114324830910  0.89429516579541446  0.89768051427514839  0.90118460408156598
  0.90480114837511827  0.90851750598258230  0.91232012911896687  0.91621821957476324
  0.92033067200773810  0.92463269590486019  0.92905460465277301  0.93365672114058162
  0.93855468498917860  0.94378789906763361  0.94928538263456286  0.95514517327917980
  0.96187409073988350  0.97008783167212786  0.98148337770888505  1.00000000000000000
 -0.02193820038008834  0.09995108988830413  0.13821572644770086  0.16572757891413753
  0.18866459380442746  0.20791952489563248  0.22412872010740287  0.23860381926538321
  0.25182796775674837  0.26381173989298135  0.27484971339946801  0.28507430336933032
  0.29476742265369715  0.30390386237523886  0.31246300113895870  0.32056020246413103
  0.32838207300753680  0.33591599325517135  0.34312047657093347  0.35012256417706339
  0.35669399567804655  0.36265687177311690  0.36850560733909965  0.37414798009530159
  0.37955660192312157  0.38481737583942888  0.39006122923125935  0.39526987963658039
  0.40046385764405051  0.40555430154558852  0.41052654418344475  0.41550802507868018
  0.42079597186187190  0.42616074154258909  0.43147817688094570  0.43665381852887886
  0.44174298394050698  0.44673339728819661  0.45170844959273243  0.45672489308753028
  0.46173177360608009  0.46670132039077328  0.47159032950963492  0.47637473250948242
  0.48113275281184048  0.48588140057496099  0.49057165823415555  0.49527962052640623
  0.50001102087097726  0.50482715571265024  0.50953633197545645  0.51445133454697767
  0.51911608812068832  0.52376955699680749  0.52851111196594125  0.53339744452491034
  0.53832701656406523  0.54322626357221337  0.54799474669923021  0.55267997698011029
  0.55739230858912592  0.56211683881401098  0.56682964678349890  0.57156705082581660
  0.57640248384497306  0.58139019125372005  0.58648927726453270  0.59163634637931062
  0.59679455277125004  0.60206105150986555  0.60758756236119271  0.61334072471965106
  0.61920765640187059  0.62517326803420004  0.63135571279862623  0.63778190390512035
  0.64438412628659725  0.65142703294120941  0.65885136593409699  0.66657177759616104
  0.67462459484203552  0.68311859195971891  0.69210084644460679  0.70161590360524728
  0.71175627678432130  0.72267664044716629  0.73418709475364108  0.74643093850619424
  0.75964591414897376  0.77417502883652278  0.79052021040092857  0.80927058585413669
  0.83099094651877059  0.85754275093198185  0.89586762247453067  1.00000000000000000
   1.2536609777777240E-015  -1.0000000000000000     
 T T T T T T T T T T T T T T T T T T T T T T T T T T T T T T T T T T F F F F T T T T F F F F T T T T F T F T T T T T T F T F T T T T T T T T T T T T T F T F T T T T F F F F T T T T F F F F T T T T T T T T T T T T T T T T T T T T T T T T T T T T T T T T T T T T F T F T T T T T T T T T T T T T T T T T T T T T T T T T T T T T F F F F T T T T F F F F T T T T F F F F T T T T F F F F T T T T F F F F T T T T F F F F T T T T F F F F T T T T F F F F T T T T T T T T T T T T T T T T T T T T T T T T T T T T T T T T T T
  <DiscreteSampler_grid>
  grouped_processes
  1 # 1 for a reference and 2 for a running grid.
  10 # Attribute 'min_bin_probing_points' of the grid.
  1 # Attribute 'grid_mode' of the grid. 1=='default',2=='initialization'
  0.0000000000000000 # Attribute 'small_contrib_threshold' of the grid.
  0.5000000000000000 # Attribute 'damping_power' of the grid.
 # binID   n_entries weight   weight_sqr   abs_weight
    10   10   6.714602498984190E+005   1.595250848959858E+012   6.714602498984190E+005
    11   10   6.714602498984092E+005   1.595250848959721E+012   6.714602498984092E+005
  </DiscreteSampler_grid>
