 -0.00000000000014518  0.00000000000298520  0.00000000001084052  0.00000000002192972
  0.00000000003510205  0.00000000004982658  0.00000000006549036  0.00000000008161131
  0.00000000009934290  0.00000000011690174  0.00000000013597554  0.00000000015650488
  0.00000000017730601  0.00000000019940719  0.00000000022213168  0.00000000024467907
  0.00000000026819813  0.00000000029346769  0.00000000031936027  0.00000000034519001
  0.00000000037080697  0.00000000039733123  0.00000000042474967  0.00000000045198077
  0.00000000047900003  0.00000000050620119  0.00000000053423666  0.00000000056359399
  0.00000000059436031  0.00000000062588368  0.00000000065743669  0.00000000068934661
  0.00000000072163325  0.00000000075383452  0.00000000078576912  0.00000000081871846
  0.00000000085336009  0.00000000088825332  0.00000000092349037  0.00000000095928674
  0.00000000099562927  0.00000000103281135  0.00000000107005244  0.00000000110663757
  0.00000000114254123  0.00000000117811025  0.00000000121468901  0.00000000125340205
  0.00000000129391158  0.00000000133423968  0.00000000137445680  0.00000000141482351
  0.00000000145563004  0.00000000149712110  0.00000000153976135  0.00000000158435036
  0.00000000163025666  0.00000000167607593  0.00000000172253216  0.00000000177128904
  0.00000000182080509  0.00000000187292206  0.00000000192510943  0.00000000197778996
  0.00000000203118805  0.00000000208605866  0.00000000214326419  0.00000000220308404
  0.00000000226492790  0.00000000232724701  0.00000000239048233  0.00000000245431618
  0.00000000251834684  0.00000000258392779  0.00000000265395978  0.00000000272885961
  0.00000000280888708  0.00000000289325771  0.00000000298069033  0.00000000307056126
  0.00000000316239841  0.00000000325670202  0.00000000335431093  0.00000000345545965
  0.00000000355914428  0.00000000367093287  0.00000000380102918  0.00000000394774004
  0.00000000410788519  0.00000000428380746  0.00000000448155900  0.00000000471406544
  0.00000000500860977  0.00000000548844729  0.00000000610410306  1.00000000000000000
  0.00944700929420479  0.01665195165745280  0.02694841347238038  0.03815530936332499
  0.04938246752973487  0.06016795837612382  0.07055513210951894  0.08065849530896550
  0.09081512641881402  0.10105632259735940  0.11132015628785411  0.12161055007941705
  0.13204139344556998  0.14254257915973420  0.15307726263355542  0.16347414484311754
  0.17369048963088501  0.18369231361743613  0.19400092500433125  0.20467862781386589
  0.21504339897831698  0.22516019433391762  0.23534432526348320  0.24576165506454040
  0.25604272595778793  0.26608911522581530  0.27612127685652099  0.28634245867249308
  0.29680183332126636  0.30737813851736562  0.31792078647430244  0.32841793564314037
  0.33892029001214918  0.34945289579107969  0.35958877893363467  0.36932253004741444
  0.37961704310641864  0.39040023968172249  0.40106667509323229  0.41139065617694076
  0.42181118445012239  0.43278576331066049  0.44440040143767701  0.45631092971314718
  0.46786161359947459  0.47902014838921836  0.49009703922845227  0.50095576100998418
  0.51164250311933046  0.52227566425801164  0.53294427267060096  0.54356434364358230
  0.55418823946693474  0.56478217076860737  0.57529945356493017  0.58618666866263924
  0.59754544648138364  0.60896436794522901  0.62033935206704727  0.63192913762876601
  0.64350369325592183  0.65446535510056658  0.66498240954967169  0.67518507757643920
  0.68515509570041611  0.69516477920842989  0.70547179050029463  0.71629633538573800
  0.72733022964645422  0.73835559058086597  0.74937945773636072  0.76022918934878492
  0.77101497871559188  0.78176706153646991  0.79291595992355535  0.80441426465807642
  0.81564764907647802  0.82616691001180198  0.83631085182830411  0.84618190693223838
  0.85584604169918088  0.86517726915154713  0.87460645347057298  0.88397665627887734
  0.89367181317408939  0.90366876394964624  0.91349692532770566  0.92283098311292677
  0.93213762179089044  0.94158953143657309  0.95147237059668577  0.96117347243316931
  0.97113671838078575  0.98070213825702257  0.99133994098489264  1.00000000000000000
  0.00937996923047221  0.01669107329779199  0.02575496976009060  0.03586889528330565
  0.04597235596772525  0.05631112157970843  0.06672076272523646  0.07710368464446611
  0.08761968783038947  0.09830726146996907  0.10884257615514550  0.11911885444792956
  0.12954575025865267  0.13995669436707683  0.15024374495604803  0.16030246587778105
  0.17079208265251491  0.18155759182803397  0.19213662036494750  0.20223147966340060
  0.21219960981194969  0.22222695501959561  0.23253731579718745  0.24312201015565346
  0.25379821507125760  0.26443343235063715  0.27505876414366731  0.28580181364001284
  0.29676885337150016  0.30790491450726415  0.31895289718412739  0.32965881964901217
  0.34039182622047920  0.35141763970343504  0.36250728420065537  0.37362318701441005
  0.38499166486638059  0.39641839505104309  0.40733984095590381  0.41782726339903342
  0.42813457217242862  0.43865291612662033  0.44948701588234607  0.46040107238568984
  0.47096618471508267  0.48120154916945385  0.49114794175540782  0.50100078683412996
  0.51068375773007479  0.52059938470173772  0.53043358555656972  0.54011199731586934
  0.54987466863374601  0.56012517921705829  0.56994767261088264  0.57948068001877595
  0.58978302143487682  0.60023006641624510  0.61051057792491181  0.62035388111243450
  0.63030370543863767  0.64132032551618734  0.65239450106407149  0.66361402280857185
  0.67437406539276701  0.68492925109111125  0.69560464391904830  0.70674875878692767
  0.71827721069578065  0.72958254833594083  0.74023424781217639  0.75061001685807260
  0.76118200227018395  0.77201968562187095  0.78271853506364963  0.79297150697763630
  0.80322153112217831  0.81342004220774411  0.82378288634165930  0.83446349375577578
  0.84531683830116544  0.85632294855152302  0.86735037650188385  0.87857042133531615
  0.88990532460258465  0.90098469195037756  0.91194597124149102  0.92262000566286273
  0.93280665145011177  0.94347128939981317  0.95359608114735428  0.96338757641448647
  0.97286636542474292  0.98168545873224267  0.99121933041565702  1.00000000000000000
 -0.00208238352931368  0.00816413071858993  0.01737342878963567  0.02727472793890533
  0.03753576264669863  0.04706958443728503  0.05672042343308146  0.06672604015585631
  0.07689286232317713  0.08679437385888063  0.09687419334528730  0.10710916800050474
  0.11841966003100453  0.12919249523000328  0.13976788764512879  0.15048899283908346
  0.16158772412918029  0.17190319627098277  0.18192894647077704  0.19159513865733394
  0.20120140702626521  0.21082149874704695  0.22022601399076910  0.22980681505934916
  0.23963232972915738  0.24977985434797065  0.25989906899736165  0.27032997295960892
  0.28154797108351259  0.29359906287867804  0.30580392707557313  0.31816701842603456
  0.33029151091553977  0.34208428071770353  0.35363607651086088  0.36541000396745205
  0.37676103029241093  0.38769557863564758  0.39885354858241462  0.41006854107675811
  0.42118383886739030  0.43224247857267550  0.44356011924523492  0.45498022995736243
  0.46624143229320247  0.47736705135142748  0.48844586058237011  0.49948517542691823
  0.51057419620560118  0.52173916313093538  0.53289057671513507  0.54393155759111445
  0.55492991857346152  0.56600112341771280  0.57715503442469385  0.58826919244713249
  0.59942736102292415  0.61062833615805834  0.62176617243718679  0.63266858683478200
  0.64333804358875246  0.65374175257936695  0.66372813677532283  0.67325229288723565
  0.68278637975802581  0.69291227496076879  0.70361877545234908  0.71440028947962464
  0.72526379191855994  0.73629648375689249  0.74756902282535165  0.75880596177772863
  0.76993866979732728  0.78107890873616603  0.79196972790635034  0.80291606826465911
  0.81377181352561134  0.82441653003102866  0.83468813703380540  0.84468688023198291
  0.85477364008479473  0.86531275050062617  0.87616032197084326  0.88719905624851503
  0.89780686502186258  0.90754340656491883  0.91700303248885240  0.92621024944195829
  0.93523714101920075  0.94395592720504851  0.95256614899505443  0.96174013607088948
  0.97134021656785441  0.98068982417287542  0.99028760279572492  1.00000000000000000
 -0.00271308776218256  0.01053131504236933  0.02160937280380170  0.03189659866904247
  0.04222701539241684  0.05277616141001495  0.06347016800189957  0.07369550855628666
  0.08370025098034320  0.09460690642424872  0.10586599407756948  0.11700712168684235
  0.12859995085540113  0.14054096787619230  0.15215659972930468  0.16315770938651902
  0.17386964511161057  0.18428554637324940  0.19467002786193571  0.20520182272980583
  0.21595118095350829  0.22693472592760280  0.23784170363807583  0.24845856940404745
  0.25880263644619311  0.26941269465734941  0.28057109382255951  0.29164890471562732
  0.30231370040813116  0.31294080740513380  0.32389262433134280  0.33526658468481385
  0.34681659932397757  0.35809133531489218  0.36895946462277951  0.37955010868142258
  0.38989201381671440  0.39991147152767881  0.40953692949349624  0.41923284837262442
  0.42932361928449270  0.44021210821744089  0.45110748259321348  0.46211705604082720
  0.47289402144474907  0.48322149681453430  0.49315616519958411  0.50312539094288022
  0.51319104904316992  0.52349895341548947  0.53406473552860878  0.54495327230193247
  0.55582327717669922  0.56625493053331144  0.57633460680170923  0.58636179046539239
  0.59665043914288984  0.60696156844231930  0.61688992942350240  0.62671306662969295
  0.63656750834465758  0.64694107192714823  0.65752324349130997  0.66798238437075563
  0.67857047232824386  0.68904397085810176  0.69996554906099218  0.71064224166357559
  0.72117978727782683  0.73114751799283151  0.74092607276785805  0.75071773605026215
  0.76056445643035331  0.76993915644821453  0.77909988309905476  0.78854989990398738
  0.79863600256241873  0.80937955919170601  0.81979881869631932  0.83038673919137607
  0.84113226228334526  0.85170021142245600  0.86213173617461725  0.87264525558196360
  0.88299011714132114  0.89385078175704114  0.90467210041115753  0.91576391840658056
  0.92566140228604576  0.93573870961270611  0.94605832837764503  0.95617357347766874
  0.96600940704870020  0.97667685823431805  0.98754418767070096  1.00000000000000000
 -0.00236768250412879  0.00893277976435953  0.01942615905871186  0.03026060374654801
  0.04127608367318314  0.05222705099755853  0.06330832479475024  0.07417038130843905
  0.08539355395337848  0.09611642477340111  0.10721447801874509  0.11767145660911932
  0.12805118894958478  0.13802313301026636  0.14795354928130941  0.15798840191053801
  0.16855946361855517  0.17920340449921957  0.18963285642832242  0.19952021234158213
  0.20930768331994581  0.21914590503918857  0.22878309488430973  0.23870945359585791
  0.24889521883504603  0.25967309439485187  0.27055635405190132  0.28112531420012471
  0.29184203572258449  0.30315078425760777  0.31414471541613065  0.32499889824726547
  0.33646020328272414  0.34856694854522013  0.36003054259764217  0.37096154954030264
  0.38145975147063471  0.39221832193101985  0.40289032866234115  0.41363181022920181
  0.42399660017189733  0.43451880781540864  0.44471090760037624  0.45510395236962858
  0.46552470363852072  0.47626421153816911  0.48775873935359504  0.49933513317134487
  0.51013303781788266  0.52026393848572039  0.52993008298326838  0.53949486482459019
  0.54931155940042653  0.55937180383465268  0.56992841359588864  0.58010757247805123
  0.59047431322477140  0.60111489270000507  0.61177508160204186  0.62230903296197326
  0.63284890385077230  0.64345161838460663  0.65368610496469559  0.66363694298890707
  0.67334862689638431  0.68307434114163901  0.69264576300245007  0.70215289904650802
  0.71231418159583815  0.72276398951585374  0.73270358738232677  0.74328842328134548
  0.75366302619414360  0.76479271900540280  0.77590706636683737  0.78723107905708523
  0.79879259131662506  0.80982701048653083  0.82104796225211063  0.83224650523773325
  0.84355712608525568  0.85463446800357989  0.86533712572824673  0.87612430712354372
  0.88712673535448416  0.89790833764157574  0.90865231855088258  0.91903967311069878
  0.92956098522848907  0.94005512561647919  0.95036928098512630  0.96055886312264971
  0.97031698196845706  0.97974473073669022  0.98962598021899162  1.00000000000000000
 -0.00288696756156940  0.01032611408677643  0.02146456192888092  0.03227049310960834
  0.04287981785484624  0.05334338966331993  0.06380603901483280  0.07423086229524893
  0.08477225741330909  0.09559613119013179  0.10677645359942239  0.11775924981998120
  0.12824889949976420  0.13833955860091671  0.14836475187092010  0.15852653412391160
  0.16866521266895176  0.17860640147081666  0.18867673372586635  0.19910859562119285
  0.20999917109258623  0.22094622065886990  0.23168958774620765  0.24223975997198161
  0.25269056399604856  0.26345255501546361  0.27447723039390531  0.28561972301124433
  0.29713206902563283  0.30870817612066326  0.31990098966863484  0.33065072400427320
  0.34127362310478349  0.35196014280268906  0.36266642671279054  0.37348014543562363
  0.38446837123859695  0.39526089519995294  0.40555377031749212  0.41555380915296980
  0.42573269076629949  0.43634888899618657  0.44716440675931923  0.45769021103230612
  0.46777263355537746  0.47784880870837537  0.48825291670244647  0.49876789255014925
  0.50924888238412414  0.51985577333989430  0.53053411321419819  0.54108243693428359
  0.55155919093831118  0.56219881176940112  0.57319913235674314  0.58474007590011867
  0.59688166117200148  0.60914083690649345  0.62068506893249475  0.63107754077392408
  0.64067536104211797  0.65013165800432082  0.65958150013002681  0.66910735762791229
  0.67856180339800132  0.68847736670259441  0.69856076676650225  0.70900365750200034
  0.71991059937887636  0.73067391324284181  0.74151081850723310  0.75239315672494977
  0.76277458757294492  0.77239994187714600  0.78207620069124550  0.79113063907791947
  0.80213820020485804  0.81285072340906195  0.82436528169581536  0.83591206554132857
  0.84725579994040956  0.85827797023793206  0.86905393236617590  0.87950925237797173
  0.88977148458203181  0.89998721943693083  0.91017229855797765  0.92018267273417753
  0.93006202884717371  0.93992106208300275  0.95012232793425533  0.96043545612784986
  0.97066622553242166  0.98056833565925416  0.99014197292833561  1.00000000000000000
 -0.00238710560002784  0.00987276283293420  0.01989419800749401  0.03003303669579114
  0.03987249273394571  0.04987139898191162  0.05975631929609338  0.06940504518752223
  0.07902623290255779  0.08912765223663491  0.09964184931196211  0.10989036930495726
  0.12007864110498027  0.13081194404508972  0.14186276540547871  0.15277320779676071
  0.16368767536858916  0.17477332435684803  0.18595507799979036  0.19720055471669831
  0.20801485708082840  0.21834467678442010  0.22870269826980122  0.23944605455802934
  0.25042826037963162  0.26156098218512036  0.27276387547166353  0.28406694119167136
  0.29530346951108227  0.30661285461579357  0.31736235779178573  0.32745528489768438
  0.33764735141765800  0.34853016671808912  0.35875747435635397  0.36860375426864272
  0.37882393103563194  0.38942893094856734  0.39961838583527670  0.40911360403188013
  0.41850983386464025  0.42828152501217265  0.43830946721967978  0.44846183115909649
  0.45894288426673807  0.46988784374572573  0.48075080986495244  0.49138226811421987
  0.50217299135746840  0.51325871704481141  0.52418432641552926  0.53456526848953279
  0.54491534456975366  0.55550102587984695  0.56634329440761377  0.57751497171985233
  0.58884417818267687  0.60022833243891616  0.61137609286228467  0.62210658001194818
  0.63217586162185402  0.64269390900896461  0.65333749609202296  0.66386477073438943
  0.67427053045167329  0.68432347639733015  0.69433770107564374  0.70393749166038933
  0.71416061608104642  0.72435712398887209  0.73454613673147362  0.74481030226521283
  0.75548794242322559  0.76612193720079891  0.77651812129730247  0.78663934721889983
  0.79671134238834307  0.80657616438151603  0.81663236347535717  0.82750371225666308
  0.83882827533601034  0.85042342261950687  0.86151846110526231  0.87217644822689844
  0.88282344213872699  0.89357683271963184  0.90455752177079862  0.91620855523613731
  0.92661704469823458  0.93711864863025307  0.94734695890323761  0.95797209006908379
  0.96842739852778781  0.97899676107362044  0.98961368063366917  1.00000000000000000
 -0.00188664135344121  0.00827826754344695  0.01726342650623977  0.02629281911359605
  0.03579159873121314  0.04555924614314226  0.05638012304236974  0.06702437246672011
  0.07858810083722878  0.09010781732828405  0.10270506522347271  0.11381839936058311
  0.12475223845241340  0.13584697537723925  0.14651846407237160  0.15714009215190924
  0.16758085008016191  0.17848878439332005  0.18937954583849415  0.20061074300269990
  0.21116906119778095  0.22230552314581897  0.23287068733027402  0.24356519732012419
  0.25359395804614632  0.26383347833278137  0.27414650044767042  0.28422171120186168
  0.29453912622192246  0.30518513798089225  0.31542739843370327  0.32565478011754068
  0.33597304415529555  0.34673216654267730  0.35683826510290556  0.36611971292110934
  0.37609838967634102  0.38634070184783603  0.39642932043717199  0.40637035278849842
  0.41634236843815448  0.42651212720532367  0.43667349480370221  0.44721314462156342
  0.45786541874108799  0.46825786518365980  0.47841635496253437  0.48911372110381918
  0.50021313413626800  0.51078473748700126  0.52127151108079617  0.53150720011664709
  0.54156876140239341  0.55157673408287955  0.56158456941821422  0.57133564653159852
  0.58103771287815231  0.59082343778615343  0.60074624250918063  0.61078002810759369
  0.62078366815222474  0.63076720245603035  0.64064824809474408  0.65055500047134085
  0.66059947663264496  0.67074707717713744  0.68107576750957988  0.69190945524579195
  0.70335357038437485  0.71480370970777840  0.72581923621723521  0.73684656107690150
  0.74810199967069191  0.75948329242646306  0.77068084525277358  0.78149500832941599
  0.79231289475628874  0.80293725526505066  0.81372405184487218  0.82412028242139801
  0.83460055432880298  0.84524078082072995  0.85662042090090684  0.86897324120530195
  0.88132055002347121  0.89305650982559970  0.90351622874929982  0.91366670344165124
  0.92376130236360776  0.93381278868478690  0.94416397607487290  0.95441475260942754
  0.96527524408443710  0.97656382147366938  0.98827676723263702  1.00000000000000000
 -0.03206556183082147  0.21024685009264824  0.27803053389004095  0.31961380219205054
  0.35016378339803061  0.37502133578400931  0.39694006518462632  0.41721956698586449
  0.43610286356183242  0.45283331705039276  0.46791376729139661  0.48204299588190530
  0.49538611341949357  0.50785646752661950  0.51966697640566939  0.53080605432743910
  0.54144614493454835  0.55155461328887767  0.56131900262563195  0.57045210139133540
  0.57911983449763471  0.58733242977684186  0.59527757633835043  0.60307804292126355
  0.61076234769147997  0.61818776576251699  0.62539771546591638  0.63251290163840890
  0.63944700611643213  0.64608586415943070  0.65245344462198174  0.65873275720107638
  0.66499162744900298  0.67116309982172051  0.67726683627828410  0.68331448430629549
  0.68931656343200043  0.69522775165130146  0.70099216760911998  0.70658829259572997
  0.71202427259386658  0.71732109988065074  0.72257129918757479  0.72780373280739930
  0.73302921989971326  0.73828496779943120  0.74354117298487132  0.74877917274284167
  0.75403468911721494  0.75919652101072066  0.76427877917084341  0.76930069411435598
  0.77427910653916665  0.77932297019940844  0.78436599462664480  0.78942114155686249
  0.79440457428356814  0.79923552157340727  0.80401848975001777  0.80863896874029717
  0.81328589263870721  0.81796324344966187  0.82263547493830236  0.82745539768853227
  0.83240390715919121  0.83734540251674805  0.84213626120355078  0.84679383187788304
  0.85125676846929166  0.85559520595131022  0.85993137552581200  0.86413235587658765
  0.86830438643693897  0.87265895846508967  0.87697518858392287  0.88136601268102577
  0.88578122955277838  0.89005498267443584  0.89433118640837672  0.89882462945039177
  0.90379965737613055  0.90886485754790280  0.91390894861421645  0.91902093063442702
  0.92407456836124569  0.92902568896840987  0.93415749044751406  0.93968029113008356
  0.94592505562071905  0.95126192279737087  0.95697402507170537  0.96333912661219345
  0.97039759038134099  0.97863405620758104  0.98871166667173283  1.00000000000000000
 -0.00286968143665164  0.01034797199327014  0.02175216649745678  0.03300344738195347
  0.04376158630741867  0.05450945468355635  0.06511085387914338  0.07547998231568410
  0.08580770384419863  0.09600741817664041  0.10608974737295927  0.11598214947749812
  0.12609184058317266  0.13700836054551627  0.14830285377958424  0.16000197998045010
  0.17167160478624233  0.18325793542207983  0.19459895918727971  0.20560539080700210
  0.21640704243145775  0.22705730943698965  0.23765629070035968  0.24831743177052823
  0.25912929945456420  0.27006012170028387  0.28105833898581606  0.29218522562802213
  0.30354646626053877  0.31488890584308016  0.32615736552580610  0.33764625808927828
  0.34913553207110404  0.36006393514221668  0.37053757313842856  0.38131361733665337
  0.39198508776338581  0.40234269105383352  0.41250229568985808  0.42314718930117640
  0.43431976516799869  0.44529690782128956  0.45629396276934514  0.46684941338072161
  0.47744440641562264  0.48784850483145681  0.49807605894203771  0.50822285329070893
  0.51845447056292848  0.52859696218305030  0.53881270208877496  0.54919130843646680
  0.55940029058208018  0.56950898568301422  0.57993533815476683  0.59102857779802564
  0.60213317963879098  0.61247851566422795  0.62266999334321849  0.63322138014566476
  0.64370320067726827  0.65392042502836145  0.66430587137563857  0.67524553712270752
  0.68624151860621407  0.69659727684891881  0.70661228781678698  0.71681039510811762
  0.72712776203643203  0.73688385729373052  0.74603083430806594  0.75513027649836362
  0.76444411751926888  0.77395821330155323  0.78348890954276140  0.79347123921477725
  0.80401848831999101  0.81460301320728701  0.82499778666220236  0.83523295084379567
  0.84525283267460782  0.85525460768060169  0.86553233972259391  0.87584774285803912
  0.88610447468401510  0.89609571755963469  0.90603012328728150  0.91589302913458326
  0.92586090215734074  0.93646185065988685  0.94744537195928258  0.95842518366292784
  0.96926509139055206  0.97947453376861915  0.98979424661230464  1.00000000000000000
  0.76612205286201673  0.76771270132028957  0.76917566761563960  0.77048777128162604
  0.77210008791353424  0.77400906841580086  0.77589324370482859  0.77774848357029658
  0.77963095912710279  0.78157117573495982  0.78350685533750386  0.78542430816068554
  0.78734566965378938  0.78928449943571577  0.79122368344975547  0.79326281147053113
  0.79534416404056085  0.79741214720245535  0.79951114474094442  0.80163344031984907
  0.80383234914470036  0.80594426945973685  0.80797094444235884  0.80996892469848514
  0.81204657778062106  0.81419029412835631  0.81629023456367267  0.81832982478157157
  0.82036682677135342  0.82246909918649136  0.82464607311763449  0.82677347289380521
  0.82882989480653846  0.83081285196353793  0.83281093840457332  0.83478920640273324
  0.83674241176195985  0.83871529436404024  0.84067493126659720  0.84261230264193898
  0.84456314831687607  0.84652822807568484  0.84849664625750132  0.85046720628078853
  0.85244750562606142  0.85448461738036652  0.85654125035622308  0.85863412305490949
  0.86071558702410633  0.86277402373566214  0.86472728581527114  0.86664267367237258
  0.86854144944816669  0.87055325560006602  0.87264676760143378  0.87480874442807743
  0.87699009877606915  0.87914152159715564  0.88124727681445525  0.88333173099872708
  0.88548294244520132  0.88766402460013083  0.88981686874658539  0.89197907087140693
  0.89418751508517524  0.89647414074405862  0.89879327253621411  0.90106922252082755
  0.90333268302122049  0.90561875037852835  0.90795118446427747  0.91032701228847857
  0.91266958515504404  0.91498947770063621  0.91741275709184966  0.91998780544662706
  0.92263793664274307  0.92529739445917625  0.92797408057060815  0.93066292143873031
  0.93339980546349277  0.93614428408236627  0.93898419316554982  0.94194914893715997
  0.94508697013093890  0.94834395964254370  0.95163258453107757  0.95494880152720329
  0.95831393383173524  0.96205364817901384  0.96610725965838540  0.97056378564028278
  0.97541635632416734  0.98101329209266341  0.98850595870683244  1.00000000000000000
 -0.01146879743324776  0.05598923988742414  0.08011846866485028  0.09473298838287683
  0.10607109675696350  0.11588446016217956  0.12472580595429200  0.13269719124936127
  0.13996720122163142  0.14676265296193958  0.15321338546201674  0.15944115972308426
  0.16535556054930226  0.17109416262448421  0.17676736177704486  0.18231021595739905
  0.18767400378908758  0.19301015349965980  0.19847904841720326  0.20399346611715519
  0.20952125076377834  0.21487352942034721  0.22015661530175393  0.22536621344699215
  0.23053403926761321  0.23573962422525785  0.24098613605603086  0.24620396878258416
  0.25127836611616750  0.25613872155346573  0.26108527420849065  0.26612591696572047
  0.27120987668707530  0.27623115676709903  0.28123982871785230  0.28623964155027271
  0.29125355850866363  0.29632109854194172  0.30153114849805623  0.30658831389733032
  0.31186264805467911  0.31735141790889798  0.32292624092431832  0.32844694978405431
  0.33395000560207505  0.33952721516885609  0.34518550474280668  0.35088131440193721
  0.35657874511207854  0.36221482732004745  0.36787008298352336  0.37360005843634053
  0.37957614129167006  0.38541856093780991  0.39171164031541722  0.39775014263044511
  0.40401543320020733  0.41026511937883431  0.41660423402308738  0.42302090621717953
  0.42946160696525820  0.43593544611213031  0.44262800091150384  0.44949204629186507
  0.45646866435116346  0.46353846496131718  0.47061026454103877  0.47779088830323108
  0.48505028492032254  0.49239427927046081  0.49969306155166526  0.50690526948344594
  0.51439750852028354  0.52240149107012979  0.53110305482279840  0.54000758824442074
  0.54859941530058431  0.55685442825479736  0.56519133233661223  0.57410741599170623
  0.58353774933923930  0.59326309206215144  0.60317717055003506  0.61395989543532326
  0.62565695872086791  0.63794744178296281  0.65097670386764284  0.66485917415470408
  0.67952374849900177  0.69536038054509930  0.71272388557436839  0.73223771550016958
  0.75586219830963441  0.78886925541709574  0.84025127188076310  1.00000000000000000
   1.0400527991240235E-020  -1.0000000000000000     
 F F F F F F F F F F F F F F F F T T T T T T T T T T T T T T T T T T T T T T T T T T T T T T T T F F F F F F F F F F F F F F F F F F F F F F F F F F F F F F F F T T T T T T T T T T T T T T T T T T T T T T T T T T T T T T T T F F F F F F F F F F F F F F F F F F F F F F F F F F F F F F F F T T T T T T T T T T T T T T T T T T T T T T T T T T T T T T T T F F F F F F F F F F F F F F F F F F F F F F F F F F F F F F F F T T T T T T T T T T T T T T T T T T T T T T T T T T T T T T T T F F F F F F F F F F F F F F F F
  <DiscreteSampler_grid>
  grouped_processes
  1 # 1 for a reference and 2 for a running grid.
  10 # Attribute 'min_bin_probing_points' of the grid.
  1 # Attribute 'grid_mode' of the grid. 1=='default',2=='initialization'
  0.0000000000000000 # Attribute 'small_contrib_threshold' of the grid.
  0.5000000000000000 # Attribute 'damping_power' of the grid.
 # binID   n_entries weight   weight_sqr   abs_weight
    19   10   2.911857939607895E-001   2.174299101957646E-001   2.911857939607895E-001
    20   10   2.911857939607904E-001   2.174299101957650E-001   2.911857939607904E-001
    22   10   8.203931383332548E-002   1.725929143313331E-002   8.203931383332548E-002
    23   10   8.203931383332574E-002   1.725929143313333E-002   8.203931383332574E-002
    25   10   2.911857880740764E-001   2.174298973150629E-001   2.911857880740764E-001
    26   10   2.911857880740774E-001   2.174298973150633E-001   2.911857880740774E-001
    28   10   8.203931072173345E-002   1.725928951490126E-002   8.203931072173345E-002
    29   10   8.203931072173373E-002   1.725928951490130E-002   8.203931072173373E-002
  </DiscreteSampler_grid>
