 -0.00000000000000807  0.00000000000073555  0.00000000000348757  0.00000000000833244
  0.00000000001510281  0.00000000002357396  0.00000000003382162  0.00000000004533740
  0.00000000005814730  0.00000000007205361  0.00000000008697944  0.00000000010295567
  0.00000000011839351  0.00000000013616306  0.00000000015445100  0.00000000017351667
  0.00000000019438615  0.00000000021566343  0.00000000023633814  0.00000000025706867
  0.00000000027966082  0.00000000030362780  0.00000000032778838  0.00000000035249688
  0.00000000037877281  0.00000000040723683  0.00000000043678768  0.00000000046580666
  0.00000000049376725  0.00000000052122605  0.00000000054893144  0.00000000057901014
  0.00000000061112007  0.00000000064253207  0.00000000067459552  0.00000000070641247
  0.00000000073874345  0.00000000077078631  0.00000000080389000  0.00000000083832205
  0.00000000087423055  0.00000000091142828  0.00000000094915454  0.00000000098679602
  0.00000000102489997  0.00000000106282599  0.00000000110042991  0.00000000113736134
  0.00000000117339964  0.00000000121381610  0.00000000125703489  0.00000000130049974
  0.00000000134383266  0.00000000138722905  0.00000000143116288  0.00000000147601511
  0.00000000152174215  0.00000000156805262  0.00000000161509152  0.00000000166272291
  0.00000000170942280  0.00000000175578810  0.00000000181399916  0.00000000187149068
  0.00000000192925545  0.00000000198884605  0.00000000205001384  0.00000000211131438
  0.00000000217252178  0.00000000223457589  0.00000000229743576  0.00000000236177926
  0.00000000242663610  0.00000000249400241  0.00000000256743269  0.00000000264918949
  0.00000000273980319  0.00000000283350821  0.00000000292779100  0.00000000302334227
  0.00000000312057249  0.00000000322015646  0.00000000332373431  0.00000000343247795
  0.00000000354434624  0.00000000365581686  0.00000000379826833  0.00000000397334349
  0.00000000416084756  0.00000000436021431  0.00000000457723429  0.00000000482708712
  0.00000000513623050  0.00000000565760416  0.00000000609746700  1.00000000000000000
  0.00947556360480287  0.01605424206431742  0.02641367363852548  0.03772750659133924
  0.04858703287056802  0.05929616571087153  0.06999205823204108  0.08063734929498061
  0.09116000816636198  0.10185281732217347  0.11297058936116283  0.12424728518495652
  0.13501781866919230  0.14522453835700636  0.15518509388390694  0.16527813607617589
  0.17567987337054999  0.18663493451476632  0.19825525954066078  0.20993711319083633
  0.22076183245506006  0.23105286800243130  0.24135922092643919  0.25204822208003969
  0.26298639494505321  0.27362714685589934  0.28396590364417579  0.29462052207089623
  0.30542711254777721  0.31654355660708439  0.32730405875696761  0.33782897429176312
  0.34813802095900559  0.35846762604266330  0.36890216376764512  0.37911752170602897
  0.38880998014693063  0.39865729057358107  0.40883196042117409  0.41931645328824751
  0.42942040911767743  0.43918746767149486  0.44880501116293386  0.45859446821435346
  0.46886734682058379  0.47933149046379786  0.48955498385902879  0.49994539802699733
  0.51094921795193038  0.52220422161209590  0.53332274632225585  0.54460964508288490
  0.55617044951704397  0.56729463842130567  0.57755690848896524  0.58798139182502152
  0.59828679017205089  0.60877549649955376  0.61863832754169501  0.62884223190406952
  0.63917003570840891  0.64958905025455171  0.65985033016194206  0.67023245320542435
  0.68087200140339399  0.69122866063777599  0.70160593523537207  0.71187303163500604
  0.72240836540546327  0.73313507377743936  0.74416336978379027  0.75493717960296836
  0.76585535589754283  0.77620691497542227  0.78640390706162167  0.79667173191961582
  0.80666515165529484  0.81706157872098717  0.82725473240702374  0.83792045242244806
  0.84850970671046710  0.85941495119109490  0.87036230883525278  0.88121382223963385
  0.89198001870601362  0.90273435451520989  0.91334138198023507  0.92351381362506646
  0.93340292531833779  0.94303616862932826  0.95277999386801338  0.96284196139443812
  0.97332331613398615  0.98570171879001722  0.99041541664656707  1.00000000000000000
  0.00941115077195908  0.01605402610503118  0.02543463883420247  0.03592199176405841
  0.04589655016259919  0.05609527997139956  0.06607371690450133  0.07594983928804690
  0.08613148293424072  0.09690850783899209  0.10739080479086469  0.11763925748252492
  0.12844861820525191  0.14034028313788086  0.15225797768439059  0.16365657653547333
  0.17507850482576889  0.18624309861565563  0.19684396050045552  0.20738469495639392
  0.21858369008272549  0.22961687388340021  0.23993960267526934  0.25019281050850700
  0.26095684331350710  0.27140070135825850  0.28140912770204818  0.29125614349837509
  0.30163137412685626  0.31246279831321550  0.32346685048017687  0.33412932882116986
  0.34456567201345478  0.35528783855077595  0.36671829235713743  0.37802992711799355
  0.38866888623731460  0.39864927717467608  0.40810062527829111  0.41751758635349756
  0.42701276773502028  0.43668478502746411  0.44692367698609914  0.45729358749367960
  0.46733992380895806  0.47748041496106514  0.48723091590106493  0.49708106971876703
  0.50663462957049255  0.51559054765859647  0.52499044279923002  0.53518104141385614
  0.54573560367510476  0.55687175386439414  0.56785439906850166  0.57873224735673778
  0.58910760585275024  0.59919295651358750  0.60939519016329402  0.61897260163685597
  0.62910976665783436  0.63953872754856034  0.65001347157256095  0.66030941569471169
  0.67076717906054850  0.68158484139801523  0.69256801508665033  0.70354753001668258
  0.71459741237678098  0.72536000815617063  0.73613351359917090  0.74663725510495171
  0.75672243070787637  0.76611411356606429  0.77578618193555671  0.78581026683443755
  0.79566560403417586  0.80553541491201552  0.81622399112154775  0.82748556573765697
  0.83784654075276799  0.84754399318937612  0.85767802027463413  0.86889995265485820
  0.88038393306915042  0.89146417656581090  0.90253739183136028  0.91370422782175120
  0.92474229994491020  0.93549978712236492  0.94581609633656138  0.95602812869434062
  0.96642593649374997  0.97695894047136966  0.98809000993526619  1.00000000000000000
  0.00003862117346779  0.00003962652762613  0.00004036670314549  0.00004109499502400
  0.00004196291190040  0.00004327113510028  0.00004440911463611  0.00004556189454368
  0.00004671801190119  0.00004791881972920  0.00004921335137964  0.00005056199543932
  0.00005192501243787  0.00005328162244338  0.00005462569839357  0.00005601257202262
  0.00005746451303049  0.00005895519423277  0.00006047480028780  0.00006202128140540
  0.00006359004517449  0.00006519531609818  0.00006686527998209  0.00006857616574587
  0.00007037934415983  0.00007224418363217  0.00007414813849122  0.00007618956341696
  0.00007835774994083  0.00008058263378018  0.00008281356024936  0.00008505343651545
  0.00008735821060487  0.00008982214477684  0.00009252449827710  0.00009522634433021
  0.00009795063568785  0.00010077285401992  0.00010380016893596  0.00010708861184483
  0.00011058160796889  0.00011416589015560  0.00011793600935720  0.00012200239604770
  0.00012619750283898  0.00013040033400244  0.00013474378128506  0.00013949579446611
  0.00014480777816380  0.00015050067842459  0.00015647119020799  0.00016262807875507
  0.00016989207059857  0.00017696768766042  0.00018445207389996  0.00019231568518798
  0.00020115675594790  0.00021031070193724  0.00021956994413408  0.00023055988661102
  0.00024109514917942  0.00025271266943634  0.00026586069234262  0.00028037121286619
  0.00029582808821275  0.00031399239715419  0.00033356705116157  0.00035478804232391
  0.00037811298976912  0.00040335800135631  0.00043114553040784  0.00045890313400647
  0.00048634475854810  0.00051457941238227  0.00054571785097006  0.00057905703076307
  0.00061245095891961  0.00065026782395814  0.00069480120809275  0.00074393478318913
  0.00080056428043119  0.00087522607648728  0.00098259867324328  0.00111863412104990
  0.00129390211742040  0.00145055254741509  0.00160808736998952  0.00179068769694971
  0.00200652637566909  0.00224217203177841  0.00258003848338461  0.00314550929576275
  0.00419375658893081  0.00645934968933040  0.04967124186249159  1.00000000000000000
 -0.00250816143867939  0.00903459976286802  0.01944281082493031  0.02965928136476341
  0.04017808729914357  0.05099899480578194  0.06184986622724766  0.07227991585823507
  0.08314935577381910  0.09435299535715663  0.10574474913456405  0.11679372522090602
  0.12783030392250991  0.13864639786206798  0.14874482644716264  0.15856421027254367
  0.16882469074324957  0.17944906777071434  0.18977362179755186  0.19987409767238190
  0.21014227127697724  0.22087404466381641  0.23162359524789927  0.24202781166622683
  0.25254835166940509  0.26304081621323300  0.27322342548995560  0.28299626528542016
  0.29315868065302325  0.30378056761438582  0.31417899202835642  0.32429397077468325
  0.33441761933164504  0.34563988250832745  0.35636453825814307  0.36666898292399142
  0.37697613619827386  0.38719848607389973  0.39714804003417109  0.40682228491091110
  0.41677081724696891  0.42651979619073088  0.43599271506226200  0.44536345714737030
  0.45497610449184572  0.46490540111125517  0.47522713414852441  0.48558936756333915
  0.49561678010585597  0.50561327335502670  0.51571690308318385  0.52594845165768545
  0.53588020651073742  0.54574525919197237  0.55596908372859832  0.56626698067370962
  0.57642809390655969  0.58663836362057176  0.59715460281293287  0.60793598100610813
  0.61855283553864204  0.62909003865218049  0.64005502187623919  0.65162830296478591
  0.66318810265927630  0.67407387452584855  0.68469902431075835  0.69567868787472464
  0.70708274932324078  0.71852070774436960  0.72973945368477711  0.74069036934214572
  0.75166609828582476  0.76299368237710308  0.77440467257077428  0.78539674693166661
  0.79604353865089594  0.80672149688720318  0.81755721458391029  0.82814524947374568
  0.83835088645729450  0.84800390158945438  0.85764392604492390  0.86776487332766183
  0.87848878092523552  0.88977528673317774  0.90083631251577589  0.91158967791000034
  0.92248805536581824  0.93372692117662148  0.94526074334678456  0.95683970453831535
  0.96816469441527975  0.97925568725739975  0.98973740880594063  1.00000000000000000
 -0.00312111830004385  0.01161479286712557  0.02312646229050701  0.03367813236106552
  0.04430893544775568  0.05502369793724149  0.06535978201913707  0.07566952473712762
  0.08682641618165955  0.09889759371360654  0.11067584028367293  0.12211103488161379
  0.13369057683712310  0.14530021918635311  0.15687243964949640  0.16840046411558995
  0.17962085510509204  0.19092229132217581  0.20239740782384427  0.21379100947235843
  0.22556586548588614  0.23719706620092698  0.24878581708698133  0.25963111863465343
  0.27040194155741393  0.28165620966734961  0.29260675717719953  0.30266710548869791
  0.31223783148136081  0.32213742193645400  0.33244326135395236  0.34250101542229144
  0.35215567236421325  0.36210487524910712  0.37245399958265824  0.38280668459861006
  0.39291315192923093  0.40241300565301330  0.41165887832221171  0.42147634043552140
  0.43179810478792269  0.44237740411782156  0.45272612488650965  0.46290065404241471
  0.47346794456932184  0.48381617675525024  0.49442671357879941  0.50578050103836203
  0.51728678748938905  0.52824248125617868  0.53910846011423885  0.54972195170288329
  0.56009601015584054  0.57068993194240014  0.58129663260232367  0.59257108063413755
  0.60378806182675315  0.61484211243312104  0.62632611972229824  0.63646481634919727
  0.64664486128003429  0.65611991049585816  0.66572038611739570  0.67518826641013618
  0.68451272161922905  0.69407507066474095  0.70387770622041990  0.71371508199356015
  0.72356919101312145  0.73358590622203146  0.74385951575994880  0.75408274883839777
  0.76393844582233927  0.77398834829167917  0.78448261237420602  0.79516950772891648
  0.80559240242664598  0.81592334282994616  0.82615591184559056  0.83651261999257676
  0.84724477129857456  0.85795448502656002  0.86850906041791998  0.87889181504004155
  0.88900575851464270  0.89907923574898407  0.90895308352743298  0.91876278572038572
  0.92850298359639860  0.93833260744312241  0.94848654937515420  0.95871568092930570
  0.96920208941502128  0.97965484991784013  0.98997004818083201  1.00000000000000000
 -0.00211643036446600  0.00825400299808500  0.01710624605977740  0.02628485143103089
  0.03571595375775934  0.04533925335370927  0.05514751236015482  0.06478401801774984
  0.07493669104432356  0.08545470228918094  0.09681779119064107  0.10776511170928849
  0.11856735555653850  0.12943371944519555  0.14035578475169858  0.15081609542096153
  0.16097227871668132  0.17103888341441995  0.18110394733902330  0.19200614888533160
  0.20482116760580210  0.21628944710674350  0.22727393397851353  0.23797150208485271
  0.24874205157337279  0.25877627029148309  0.26896638004613660  0.28004319754459533
  0.29104087240731036  0.30242978553551930  0.31349345773230536  0.32441454307729761
  0.33527410867898511  0.34629130110593914  0.35693503348637695  0.36717565862413570
  0.37764666723432655  0.38867622142233066  0.40001601572739737  0.41084540293268879
  0.42123904450771787  0.43153406252761151  0.44235049717849839  0.45311837180496606
  0.46394453096627880  0.47450679743248864  0.48501927189266780  0.49565738980706742
  0.50629072986597701  0.51734498910472515  0.52808319992257180  0.53862696059903770
  0.54931910136708340  0.56037567424486945  0.57127948434626863  0.58225552634605449
  0.59366051971957123  0.60518410801354416  0.61572540608303983  0.62601331360668933
  0.63578481165417855  0.64554084216739038  0.65522873095509460  0.66489667443320644
  0.67484131653175727  0.68511895098077746  0.69607872452646369  0.70763517397386988
  0.71983067723957195  0.73207929190616772  0.74398963698318588  0.75507437931751586
  0.76531202653878816  0.77509853620673952  0.78463670695687515  0.79436858488520445
  0.80426395513697735  0.81449591698420909  0.82545092372875462  0.83645950278459180
  0.84711510121189015  0.85758144953326565  0.86771242490119294  0.87745927888263497
  0.88704075567532736  0.89673868635985965  0.90671196160463019  0.91666860058196775
  0.92659575086862300  0.93655587724323774  0.94656710269439071  0.95648011843075942
  0.96683697994805307  0.97714868337136074  0.98853130138760048  1.00000000000000000
 -0.00255300046970361  0.00910797173587035  0.01926047853317819  0.03007350053198957
  0.04076304645523331  0.05185626570490768  0.06266951725757419  0.07233736735960909
  0.08190429519336566  0.09167608761465763  0.10122080630410715  0.11076908974284290
  0.12014062600634402  0.12960525017540087  0.13997860123961953  0.15058982065213158
  0.16143569401145183  0.17202387379155140  0.18248300464523010  0.19265310312245992
  0.20233447689756823  0.21189979012727048  0.22151069828099743  0.23122689552455511
  0.24093090696704078  0.25084334797886532  0.26108671700689068  0.27181247090027050
  0.28338593970443965  0.29506814232867562  0.30649504342525263  0.31797030341905708
  0.32965504758701242  0.34095415573483429  0.35183447729490847  0.36239036669365177
  0.37290606064516096  0.38354717555193529  0.39365348408164152  0.40398174853990060
  0.41479292666382617  0.42654771672914021  0.43790625080997375  0.44868619960618522
  0.45938399177164319  0.46994305194026914  0.48023445491172856  0.49040660490519644
  0.50079244538163026  0.51187783107251927  0.52343177754893500  0.53548519490855528
  0.54709004086201474  0.55812463622739739  0.56882323904415621  0.57940153183917364
  0.58921367956608173  0.59901499573027617  0.60886074220040853  0.61940582975415148
  0.62997892661009802  0.64087695677595702  0.65164642364800551  0.66220131141582728
  0.67221847093099885  0.68212814465790750  0.69208890663011602  0.70218345235022861
  0.71229224660362500  0.72241643262665745  0.73255165050008220  0.74293096186483953
  0.75355869358241911  0.76487977905455040  0.77671744090949846  0.78887264810002855
  0.80001071068785501  0.81037962558027909  0.82067607328097092  0.83112724373635016
  0.84123671046581694  0.85159455121092142  0.86205007209340845  0.87227701650679057
  0.88217439616769266  0.89211447086685947  0.90227500805383987  0.91301396814788216
  0.92368649611232390  0.93458331489622304  0.94547289937305012  0.95632750334354388
  0.96740573714082168  0.97807481733219093  0.98898307236262639  1.00000000000000000
 -0.00276085100381704  0.01038225570426446  0.02127242558902856  0.03220721787247199
  0.04312221606312901  0.05475722135002650  0.06544873936651495  0.07563998502784958
  0.08569804907356883  0.09589925557926164  0.10581445864186446  0.11564980703376489
  0.12583533892647972  0.13626533864661466  0.14677294174750541  0.15686690883538329
  0.16663117493749921  0.17631700738790662  0.18631136665950188  0.19687377518971963
  0.20775450012375662  0.21875123958164933  0.22985588977706306  0.24094318621196392
  0.25221236970284455  0.26377283232182175  0.27545847083564889  0.28723882411206153
  0.29892584274697764  0.31085150528524230  0.32268295545811465  0.33420847857594232
  0.34504410225008281  0.35495485959322626  0.36419494403670560  0.37340615167575647
  0.38307919657412343  0.39296358090720096  0.40324194837287086  0.41385772629315098
  0.42491237451703701  0.43596575789716124  0.44627751485306344  0.45606622762704790
  0.46553429714256583  0.47504663146867709  0.48469124136353742  0.49408711350476020
  0.50391208897552353  0.51399340927985315  0.52475116774197239  0.53569344334898039
  0.54722929959198374  0.55891181713274252  0.56944279869159375  0.57935975171347442
  0.58916262231026839  0.59879473388918036  0.60856558503161584  0.61794499229881439
  0.62782581079968180  0.63845627468361543  0.64921454938880918  0.66053140753494388
  0.67170857676301343  0.68263356447901236  0.69276783820057897  0.70228109952908402
  0.71182877216269291  0.72141375215506220  0.73136247005915145  0.74197496448822731
  0.75304028656181243  0.76461144171230444  0.77560908794760852  0.78634693394871402
  0.79711768130509608  0.80800203302778206  0.81843577366638354  0.82833963424391321
  0.83837665674534212  0.84887615148440410  0.85926597894717882  0.86968267093964113
  0.88026454944673516  0.89190542621126578  0.90387976166038431  0.91619487819016177
  0.92730842337362396  0.93816127723100706  0.94831506355281481  0.95825631394038691
  0.96791700045188678  0.97806549088584038  0.98886220990359708  1.00000000000000000
 -0.00264161878944902  0.01008418670079504  0.02014257436366928  0.03059916775045857
  0.04100072170987365  0.05124564329092762  0.06199585271539126  0.07250542588603441
  0.08290797732248996  0.09187531492045152  0.10066429439152778  0.11023856708461159
  0.11987149081158401  0.12973375041617799  0.13923539730535273  0.14914286671123642
  0.15938986715509135  0.16956102841649023  0.18014678394501579  0.19108057150302729
  0.20258668346320444  0.21395295106081036  0.22510105078530296  0.23574715516492872
  0.24608477381278199  0.25638704200467199  0.26639889659458155  0.27703785530536013
  0.28771878387234195  0.29815396897694724  0.30782273869069698  0.31789313337922742
  0.32777136403627083  0.33726887101726483  0.34669989753284025  0.35672904687773016
  0.36791439139126531  0.37948629065502110  0.39042217053359901  0.40147791291162405
  0.41191089755548171  0.42221603210322850  0.43218235364623253  0.44216118480894484
  0.45255776681767884  0.46298890983423713  0.47346889413954668  0.48387585976636988
  0.49409912680755286  0.50466181866848703  0.51523929412474367  0.52610110041521096
  0.53731939600121559  0.54892507689182912  0.56046488272057160  0.57112235355987462
  0.58100284710690653  0.59086139353727152  0.60097604768661650  0.61116783508291495
  0.62144254135168220  0.63191229383236491  0.64254592022613777  0.65305922188619259
  0.66334342503723553  0.67359130781518928  0.68385216370860136  0.69446961207366187
  0.70530651360494978  0.71596997188377420  0.72651711845417677  0.73736989559860511
  0.74839629726652179  0.75932595845397144  0.77002318029629546  0.78035483595209942
  0.79055719198107643  0.80084306504003466  0.81130182640057846  0.82184447158386598
  0.83291144062352918  0.84452382591347974  0.85632302326235110  0.86813451865163571
  0.87995877226723396  0.89147802961946176  0.90235886519945629  0.91294620698083639
  0.92326532514250692  0.93342024768877618  0.94375708438429395  0.95406204542925399
  0.96445366120079712  0.97565759729128454  0.98726319914444571  1.00000000000000000
 -0.00230716417553617  0.00928282493934929  0.01929416931901393  0.03018381704909823
  0.04086548457628771  0.05223039636186068  0.06324751216253195  0.07356815615707404
  0.08405139041627892  0.09452706315399756  0.10485943688205518  0.11433696332266999
  0.12379182469556861  0.13416735381379616  0.14509680953475129  0.15596215485420983
  0.16691215314922508  0.17905919971446399  0.19094623782171494  0.20181553673271807
  0.21231534333770774  0.22233952400337192  0.23212259017204762  0.24165493333905891
  0.25173024530365956  0.26233861011887111  0.27293389827373005  0.28331593812934575
  0.29396372120368397  0.30483187969542408  0.31519722744538181  0.32478733224964323
  0.33451374130433820  0.34479088847056966  0.35549447926329286  0.36626230008164656
  0.37770546451891368  0.38967142016186668  0.40116305970940896  0.41204475357921960
  0.42232654909667899  0.43209621778250740  0.44195197968400568  0.45203290790072043
  0.46302898092488126  0.47462624649825463  0.48599260134255340  0.49685414992564852
  0.50733042279393603  0.51762076158011705  0.52791994124672459  0.53819566601746205
  0.54868609263668355  0.55920594068814655  0.56974566101703528  0.58024250148750323
  0.59059571918308551  0.60010720124579120  0.61083687130046227  0.62111086638404411
  0.63309761774258677  0.64493420815435720  0.65656695122361564  0.66779458455121221
  0.67851743704502909  0.68874053071947250  0.69865772088311973  0.70902943502647953
  0.71981915910924121  0.73015666260214429  0.73992993168851107  0.74973039558471033
  0.76005610513759314  0.77080612191360831  0.78137652339367225  0.79166989258907350
  0.80157551098855739  0.81175425238110821  0.82167461614534332  0.83150542313997278
  0.84101929035251555  0.85073303097425568  0.86101726959691482  0.87151517634578335
  0.88176840452122685  0.89184720159236641  0.90221055275082429  0.91296492272081387
  0.92352055342619366  0.93423637894065525  0.94545475871645135  0.95717353708909969
  0.96835147239374031  0.97933490909823595  0.98955975100220450  1.00000000000000000
  0.76619380823649907  0.76706840875905002  0.76816818825887445  0.76930237122253875
  0.77046172541850877  0.77209720870230636  0.77420013487566963  0.77636283155703523
  0.77859450977848366  0.78086627972327816  0.78315225531980892  0.78535038971970061
  0.78745957989165394  0.78949878763681325  0.79162896098143065  0.79418592406929922
  0.79677565442840459  0.79936229077958021  0.80201020397453293  0.80472695209730005
  0.80734774636073592  0.80990181190177213  0.81239753882266386  0.81486506844336948
  0.81734509837281422  0.81981609474893957  0.82226034777369617  0.82466064585371490
  0.82699954104125006  0.82935543920332100  0.83176947919691635  0.83425261610693080
  0.83682257938891969  0.83935972375156465  0.84187448960434208  0.84427636064536749
  0.84669778954154695  0.84906363412725339  0.85152608627593485  0.85389133891428304
  0.85631016875090060  0.85879364247265910  0.86127820634267016  0.86371740623780957
  0.86608696716295541  0.86838191549985955  0.87067160667805110  0.87302188833958849
  0.87542847884305075  0.87786489862463613  0.88032955196715601  0.88279402978037158
  0.88519583036464566  0.88755213749670647  0.88991143916392867  0.89229784518652733
  0.89474802604181791  0.89714608007811991  0.89952606900268717  0.90189227954592677
  0.90422820257256209  0.90647563440315970  0.90871676205172891  0.91095371683868342
  0.91323712912624655  0.91556926339944977  0.91792405025057899  0.92029937183013155
  0.92269868278163758  0.92511178783079207  0.92749694007207140  0.92986081212467175
  0.93218156909474215  0.93450155737335405  0.93678881088782551  0.93913804046792182
  0.94148640042595766  0.94386350657508966  0.94624355527870108  0.94861967964077287
  0.95102890115257577  0.95343400197503292  0.95594766303477696  0.95857233712700218
  0.96145243923652424  0.96435042681723271  0.96721425212684764  0.97008617449261936
  0.97298384595565313  0.97590091557325298  0.97893992920010819  0.98223213855326630
  0.98582438846078169  0.98979559475330048  0.99443608790492988  1.00000000000000000
 -0.01576321065806515  0.12315773845338238  0.17789149720783970  0.21105938624723808
  0.23610362794985459  0.25662322746866578  0.27506276710553729  0.29176456350059549
  0.30716394836032801  0.32153146098848739  0.33465873744000346  0.34729053694258033
  0.35970956923771596  0.37143201709359674  0.38263453863004238  0.39343276974197910
  0.40381639428328614  0.41352569822021135  0.42290194328253694  0.43189587927068390
  0.44059067446599320  0.44913443787724749  0.45791423773556922  0.46700257006964174
  0.47594083894902861  0.48474305604334944  0.49361347266813410  0.50255431968173503
  0.51156815934591260  0.52057157714050362  0.52860076008570256  0.53680847063321468
  0.54479805211551569  0.55270447126520872  0.56036268344283058  0.56768592670692108
  0.57471809721284461  0.58161770603141882  0.58849051502390537  0.59557551841961476
  0.60249221081265203  0.60911894784116738  0.61563158550493646  0.62204332634770076
  0.62828792221331764  0.63429583996490935  0.64019967334167882  0.64592602871030524
  0.65144118093089565  0.65701171266052183  0.66232572841222070  0.66748660572212448
  0.67263643313398280  0.67785519184096388  0.68317178718568117  0.68857648986281250
  0.69395398494281657  0.69934962944420032  0.70483252079699676  0.71012054288509496
  0.71521105311807176  0.72033464148204940  0.72550033135918912  0.73088174390465632
  0.73618073921891025  0.74151815476407290  0.74703963950188845  0.75261731711110191
  0.75800098147057215  0.76325482378487297  0.76838554780869150  0.77331473251833283
  0.77806320274375029  0.78271985998239457  0.78740437613769809  0.79228811152068968
  0.79748452377116852  0.80262930703438162  0.80786913296995422  0.81310318084482225
  0.81842924421053675  0.82376938917539522  0.82930672929101634  0.83524835019018639
  0.84161006418289430  0.84812597107498300  0.85489177141966566  0.86236480293632289
  0.87043597077094437  0.87915123911202364  0.88835546664401455  0.89836301407442620
  0.91003594026097778  0.92560520159371107  0.94968618675655148  1.00000000000000000
   2.4684743384323798E-020  -1.0000000000000000     
 T T T T T T T T T T T T T T T T T T T T T T T T T T T T T T T T F F F F F F F F F F F F F F F F F F F F F F F F F F F F F F F F F F F F F F F F F F F F F F F F F F F F F F F F F F F F F F F F T T T T T T T T T T T T T T T T T T T T T T T T T T T T T T T T T T T T T T T T T T T T T T T T T T T T T T T T T T T T T T T T F F F F F F F F F F F F F F F F F F F F F F F F F F F F F F F F F F F F F F F F F F F F F F F F F F F F F F F F F F F F F F F F T T T T T T T T T T T T T T T T T T T T T T T T T T T T T T T T
  <DiscreteSampler_grid>
  grouped_processes
  1 # 1 for a reference and 2 for a running grid.
  10 # Attribute 'min_bin_probing_points' of the grid.
  1 # Attribute 'grid_mode' of the grid. 1=='default',2=='initialization'
  0.0000000000000000 # Attribute 'small_contrib_threshold' of the grid.
  0.5000000000000000 # Attribute 'damping_power' of the grid.
 # binID   n_entries weight   weight_sqr   abs_weight
    13   10   3.695975769557975E+001   4.612684694635685E+003   3.695975769557975E+001
    14   10   3.695975769564060E+001   4.612684694640584E+003   3.695975769564060E+001
    16   10   1.041312178656361E+001   3.661486457712318E+002   1.041312178656361E+001
    17   10   1.041312178658242E+001   3.661486457716476E+002   1.041312178658242E+001
  </DiscreteSampler_grid>
