 -0.00000000000014523  0.00000000000303880  0.00000000001084230  0.00000000002121528
  0.00000000003385605  0.00000000004863458  0.00000000006476125  0.00000000008181170
  0.00000000010018840  0.00000000011839181  0.00000000013869514  0.00000000015910267
  0.00000000018018114  0.00000000020284457  0.00000000022566063  0.00000000024812588
  0.00000000027143106  0.00000000029601677  0.00000000032072715  0.00000000034512197
  0.00000000036957027  0.00000000039538884  0.00000000042343946  0.00000000045207870
  0.00000000048045937  0.00000000050864870  0.00000000053706316  0.00000000056682085
  0.00000000059809880  0.00000000063017767  0.00000000066245064  0.00000000069473019
  0.00000000072731534  0.00000000075989785  0.00000000079272152  0.00000000082720418
  0.00000000086279204  0.00000000089835264  0.00000000093351399  0.00000000096802182
  0.00000000100280591  0.00000000103817424  0.00000000107430468  0.00000000111112791
  0.00000000114816117  0.00000000118451835  0.00000000122471418  0.00000000126728989
  0.00000000130982785  0.00000000135165608  0.00000000139299296  0.00000000143436388
  0.00000000147653584  0.00000000152015078  0.00000000156526132  0.00000000161125934
  0.00000000165726073  0.00000000170114131  0.00000000174705055  0.00000000179772316
  0.00000000184898505  0.00000000190054893  0.00000000195278849  0.00000000200588133
  0.00000000206026440  0.00000000211575932  0.00000000217186058  0.00000000222911259
  0.00000000228685570  0.00000000234662894  0.00000000240679869  0.00000000246807425
  0.00000000252900191  0.00000000259372847  0.00000000266861452  0.00000000274658267
  0.00000000282529936  0.00000000290557975  0.00000000298774923  0.00000000307233932
  0.00000000316079795  0.00000000325358116  0.00000000335399764  0.00000000345708009
  0.00000000356148427  0.00000000366793241  0.00000000378942257  0.00000000393534213
  0.00000000409954700  0.00000000427665192  0.00000000447109180  0.00000000469769477
  0.00000000499304532  0.00000000550690982  0.00000000614171693  1.00000000000000000
  0.00849490860541568  0.01890607742367693  0.03106770405938112  0.04234759229734784
  0.05294391936038460  0.06311270621196605  0.07254015167103016  0.08220136867782726
  0.09196350979328802  0.10200748637401670  0.11158752896917438  0.12111760528161825
  0.13117092440918368  0.14180709732499935  0.15246124052153279  0.16306330711240574
  0.17369262053744547  0.18441304109606568  0.19500784422162695  0.20542293856061009
  0.21581430031942977  0.22625582210795844  0.23712414941425483  0.24844387983240834
  0.25993933183443196  0.27134703962238443  0.28209736046391465  0.29259410778356548
  0.30288047953956199  0.31324813812307883  0.32364559900688417  0.33407703715491244
  0.34489718948558112  0.35599515362979256  0.36721237540878904  0.37854099169853689
  0.39028808925259778  0.40121255425376845  0.41187511582068431  0.42220758649369289
  0.43264600127334996  0.44277922933241948  0.45302630229860502  0.46356882391341508
  0.47403108834899038  0.48451582483407790  0.49499041792146115  0.50525208296042290
  0.51536119768261301  0.52555639340902938  0.53559799813941122  0.54546722454667063
  0.55525058287534279  0.56497106411888831  0.57459262425555291  0.58432338070348178
  0.59449086739303447  0.60495455687033506  0.61551252780031895  0.62625082592489945
  0.63765625418770711  0.64898309464826021  0.66005772818057973  0.67103316458111317
  0.68196573242698555  0.69299275343629585  0.70421315083436165  0.71490509923586398
  0.72537524499340222  0.73547916989041318  0.74576266030119032  0.75629126078175557
  0.76703265299306744  0.77784819094980318  0.78864768078821557  0.79944843483578021
  0.81024542810738720  0.82101630420580396  0.83203366171582560  0.84312013625319582
  0.85409304906148686  0.86469117342659452  0.87495137094015418  0.88477319714522351
  0.89440304541517457  0.90402127271811994  0.91372934206499101  0.92343349350494741
  0.93285851291106292  0.94245410453376455  0.95224637449449701  0.96226349745359119
  0.97250150147404013  0.98293355629871693  0.99098602566495586  1.00000000000000000
  0.00937009654960824  0.01626408885492912  0.02632227991979996  0.03784885740919126
  0.04925378506013014  0.06240264801308486  0.07309384231978919  0.08413225963737990
  0.09514373150175898  0.10611575029675972  0.11679482679813198  0.12743387362599240
  0.13784583235776773  0.14819136962822685  0.15857605861626844  0.16929891578529399
  0.17997011250195075  0.19043938267472266  0.20096101622822568  0.21143964563791467
  0.22192740943752146  0.23296838609469536  0.24405968099649714  0.25496822096175081
  0.26567737125007956  0.27626589484265596  0.28670819504511746  0.29705174599179285
  0.30751620030463978  0.31804853412918160  0.32840221294602401  0.33907316737766302
  0.35005223227857879  0.36125765970208101  0.37229502404269343  0.38275384615970232
  0.39281689894535116  0.40298644900836289  0.41359282737847652  0.42395328096139406
  0.43391002900784270  0.44413032205071074  0.45438391001682132  0.46440247492085623
  0.47459532985598230  0.48483043635398188  0.49504882463521305  0.50502676100948229
  0.51490640882990546  0.52479352936851786  0.53450123533873606  0.54429646809792376
  0.55413662576695433  0.56419945247898140  0.57464721961318832  0.58547675321680970
  0.59621503843778922  0.60684765648875483  0.61727146782210573  0.62770705631850077
  0.63831177843309639  0.64906332177524018  0.65987240509755529  0.67097653806100310
  0.68237110348436836  0.69350683633419108  0.70370453511043063  0.71406122008160344
  0.72435233371940788  0.73462542077076476  0.74449250403307343  0.75481237038696936
  0.76570084062489430  0.77639357043007451  0.78652393505326168  0.79645319843962570
  0.80651051540801322  0.81653147426945594  0.82652160117256801  0.83683704078835985
  0.84739122898314401  0.85811355761211228  0.86883927626753488  0.87931930622422461
  0.88975568210362599  0.89991120927023260  0.91026564471191451  0.92046665165254793
  0.93062942652750635  0.94083011053024379  0.95090932621471036  0.96098064261009497
  0.97134935629968722  0.98162322658588230  0.99139940782793456  1.00000000000000000
  0.00003815149085505  0.00003955984827483  0.00004055900455128  0.00004154906013833
  0.00004263632580162  0.00004375043991055  0.00004486948734008  0.00004598451339794
  0.00004710646847738  0.00004818576098916  0.00004923302479015  0.00005026725892098
  0.00005129151420422  0.00005231371683339  0.00005334135419448  0.00005438299245909
  0.00005545011753475  0.00005655338601487  0.00005768528001081  0.00005881288285987
  0.00005991743669569  0.00006101601901829  0.00006213261663656  0.00006327646966101
  0.00006445642553389  0.00006568781883538  0.00006696286928534  0.00006823332114991
  0.00006950627244688  0.00007078921193634  0.00007208540183233  0.00007339022574040
  0.00007471090666794  0.00007608926397906  0.00007756920686237  0.00007913663645267
  0.00008074144364263  0.00008236871161003  0.00008401959980111  0.00008567046362717
  0.00008734455744951  0.00008919265190006  0.00009114875196117  0.00009315180616156
  0.00009523028996155  0.00009741325065340  0.00009966915265364  0.00010205644040600
  0.00010458583973135  0.00010729144376995  0.00011011713975884  0.00011308087535324
  0.00011613091244900  0.00011936838405270  0.00012282072273649  0.00012644175954552
  0.00013023706952742  0.00013422047641097  0.00013849474660782  0.00014309152486855
  0.00014784844275444  0.00015274004277865  0.00015798303221649  0.00016384392797233
  0.00017040222246292  0.00017737090464973  0.00018476111149769  0.00019292895345358
  0.00020166985731843  0.00021083159966928  0.00022066642486831  0.00023119669853321
  0.00024233333644460  0.00025467914029701  0.00026871946391107  0.00028374141464593
  0.00030002868925580  0.00031847163793862  0.00034006990878874  0.00036768473335122
  0.00039776668135459  0.00043076313410516  0.00046660001864920  0.00050599121976687
  0.00055225844150148  0.00060830489818807  0.00067756237130617  0.00075941274101349
  0.00086518619230543  0.00100069120778642  0.00116108565569148  0.00137704049573949
  0.00166292168996958  0.00223368053013881  0.08146460977214597  1.00000000000000000
 -0.00222437438398306  0.00898120873599055  0.01833777116710959  0.02800789841396619
  0.03779174699030328  0.04792235774745640  0.05773559409371252  0.06811380224222316
  0.07907740517345492  0.09040237872061549  0.10197180362387454  0.11301157354061817
  0.12374718580394767  0.13403310055348233  0.14433167706103783  0.15506518688851997
  0.16552632784964882  0.17543336710544502  0.18524710669793448  0.19533518283294832
  0.20588132230015568  0.21630835954701585  0.22684199346763811  0.23762047308823916
  0.24865267963705898  0.25912120238464792  0.26931192268114629  0.27945615543074520
  0.28930819737659785  0.29912526710152054  0.30912767976432998  0.31968953822387275
  0.32995555411753097  0.33983039965614570  0.34975439379301793  0.35988729382329743
  0.37061725670881501  0.38195935172641737  0.39333991931433454  0.40421124844136119
  0.41509306263476864  0.42671706966294182  0.43829049511212193  0.44891013523509538
  0.45966277069177114  0.47008797025488547  0.48048346967050309  0.49057424408827977
  0.50099389896731550  0.51186307652654706  0.52266012493090519  0.53369462222682484
  0.54477612055377456  0.55608831443840434  0.56712287707123421  0.57821822756184560
  0.58898364200998199  0.59943862226922806  0.60999908242246281  0.62084871607262948
  0.63157595726649096  0.64208790623940826  0.65242675911726355  0.66293560413561459
  0.67340126984331294  0.68396992353960540  0.69447633198020509  0.70524496509274914
  0.71563985765761673  0.72609902915580649  0.73630797651105373  0.74692365159390994
  0.75734375331948656  0.76806053731744917  0.77888581525660550  0.79031994243528159
  0.80131823929238444  0.81207965803466686  0.82257372252387295  0.83296768855303160
  0.84353188766846721  0.85419891591433850  0.86555799363410391  0.87678533201680076
  0.88713979037286861  0.89721921662894222  0.90714933855424174  0.91727699484473812
  0.92705442961958251  0.93729107896152364  0.94753393195863433  0.95775626280516568
  0.96820882622950266  0.97832406611276290  0.98931793841875681  1.00000000000000000
 -0.00274702000709484  0.01020584906782913  0.02162867962071436  0.03228522982668292
  0.04293042631459262  0.05345529188552849  0.06425939742278677  0.07482581566266656
  0.08571175070884271  0.09675181462793318  0.10769738853677706  0.11873099847988579
  0.12980869275554094  0.14096572667455773  0.15212481905361114  0.16305400700424755
  0.17368849123014091  0.18437640096764896  0.19546910917365176  0.20667124342183021
  0.21758204345855339  0.22825055613688458  0.23879483539616278  0.24913258318802181
  0.25919288181918082  0.26920145625453296  0.27916017030441409  0.28911518734241498
  0.29906440563194014  0.30928524666174462  0.31975066125472085  0.33041861189914279
  0.34091781881857891  0.35125887420927931  0.36142149978693061  0.37160613182299007
  0.38193867634492995  0.39230351003333869  0.40253781356342933  0.41272788521076514
  0.42306645337773080  0.43349286107603557  0.44405641332658724  0.45406162968351699
  0.46466710080861656  0.47514154459277158  0.48632208907481900  0.49747150927028416
  0.50927828796948182  0.52081034406230864  0.53173162011599351  0.54253302697593464
  0.55324267627500434  0.56351797823148231  0.57357867655361694  0.58378682278432836
  0.59460336701203909  0.60555289632507514  0.61640699339432370  0.62720690523821576
  0.63786530410760611  0.64853398191999234  0.65942925344233283  0.67015880543996043
  0.68050334110486732  0.69092033874133063  0.70128552499107777  0.71143501741861492
  0.72132698253716876  0.73128313783297039  0.74151772386542936  0.75179819920390789
  0.76196693958461226  0.77181707351124162  0.78125098271260007  0.79084606989838346
  0.80104821146886118  0.81101831070562724  0.82097789286600475  0.83076303070311341
  0.84105681067144444  0.85192391404175571  0.86228035305445627  0.87280928445389672
  0.88331213470548620  0.89411805581836923  0.90453916848112481  0.91481175429163875
  0.92630830279509868  0.93783169719777371  0.94841913676880296  0.95880170621903404
  0.96936996333216807  0.97975031968299464  0.98975291869571014  1.00000000000000000
 -0.00232253503751088  0.00942931734507607  0.01921256744280306  0.02986549689173210
  0.04041931482108149  0.05070037517088167  0.06067547275647357  0.07081827906935741
  0.08069142126042207  0.09053030446870101  0.10062622323376359  0.11095194364862043
  0.12128978709259310  0.13175997103176973  0.14258525254608073  0.15331164526458108
  0.16388649096231617  0.17455725203559197  0.18519151979539814  0.19568805536240491
  0.20600011571350810  0.21613758756948320  0.22603312451648030  0.23592515255809079
  0.24577616406853625  0.25585962404654317  0.26630747929726467  0.27713824024085926
  0.28829862739730971  0.29917306197592874  0.30963680072273359  0.31988074968008817
  0.33006627885525347  0.33982471940490022  0.34956277196280905  0.35957130735755261
  0.37000137553312173  0.38050995178628422  0.39098722869197944  0.40173436401877960
  0.41276963017896279  0.42382392313653094  0.43466781153931355  0.44534176606968234
  0.45589332456908127  0.46638479752404205  0.47667140255746088  0.48680908504306752
  0.49678349953691175  0.50666672891118847  0.51685711746973961  0.52744392424801678
  0.53805404792698441  0.54802037166351181  0.55740908481983131  0.56704175865759210
  0.57670506797394949  0.58636863646660353  0.59609576991677449  0.60635689241366442
  0.61743423175626899  0.62847589250707758  0.63893484309983595  0.64911026141496830
  0.65940185882693547  0.66987562053985139  0.68052222299936582  0.69119958656311742
  0.70190787672024080  0.71273468288599751  0.72364699763075679  0.73455501336052353
  0.74554584300668758  0.75690149834988463  0.76851607029279334  0.77993666745495960
  0.79101568072395789  0.80188426461403939  0.81265007793573085  0.82334956978833951
  0.83391195684720421  0.84459583270672001  0.85555452661367337  0.86689992879750322
  0.87839850097803218  0.88989979888560589  0.90136452761124064  0.91275177041826405
  0.92407889261838205  0.93515587953085599  0.94589154028338773  0.95685491271210388
  0.96758971419926554  0.97887916350586390  0.98939067020165450  1.00000000000000000
 -0.00248649842565845  0.00999844886402156  0.02086617070981051  0.03206394942980941
  0.04333099882797210  0.05497082581311435  0.06608475706598975  0.07703072576080597
  0.08750725165419559  0.09779412316826025  0.10839682988034437  0.11903376839728286
  0.12945515405738700  0.13940842323042271  0.14927609232969358  0.15989195951499663
  0.17037629821391390  0.18053507203743338  0.19065155434468634  0.20111373298240623
  0.21152776766348969  0.22182156236709163  0.23251615628566813  0.24418861647826964
  0.25546706595878227  0.26670206375259808  0.27787413449796577  0.28927824994142715
  0.29973308426626993  0.30982799368210712  0.31969440033010449  0.32981915253416749
  0.33992974234186485  0.34997973615370476  0.36019569241079491  0.37121457049501583
  0.38177622722825594  0.39253180645071417  0.40341382500690148  0.41449713117915160
  0.42529346465776741  0.43597291902095092  0.44667341925456011  0.45724676533243597
  0.46756082203259297  0.47794445196743329  0.48848395475598916  0.49919187334547366
  0.50981086614683957  0.52030664795594861  0.53093522449925312  0.54158790655917044
  0.55186492141360555  0.56213729095704190  0.57249350853709791  0.58289353487604056
  0.59326488428063995  0.60381808128607228  0.61505417897531189  0.62594160247574304
  0.63612448894301721  0.64607268384562777  0.65589062624002481  0.66608517854617200
  0.67661361062609082  0.68717268577104951  0.69757217527896165  0.70789289837449898
  0.71861715699025652  0.72909314756555965  0.73884876992137838  0.74851987387531027
  0.75872048763335731  0.76874592078375792  0.77882617225603712  0.78920731332437033
  0.79973109718651025  0.81046068182033248  0.82092937912660524  0.83169543407290347
  0.84222134102155932  0.85253127425795550  0.86278267642543660  0.87321570569352147
  0.88356680026887657  0.89394266589571891  0.90460286699776771  0.91516726352121780
  0.92548145081509070  0.93553543903227920  0.94611731205352845  0.95684180099114435
  0.96747514617473918  0.97768291110060601  0.98874623873100531  1.00000000000000000
 -0.00260636305998573  0.00994943092813218  0.02069989862916328  0.03064874218999797
  0.04087361984030102  0.05059264065830876  0.06070497569383310  0.07071014759893221
  0.08067640643703702  0.09065232825382334  0.10073322828189461  0.11070296860266395
  0.12060545455703554  0.13057534607639390  0.14123353047852036  0.15170605418976005
  0.16192414250573761  0.17254897601788813  0.18365901936239953  0.19456961951542154
  0.20509203186776384  0.21587957018058032  0.22691199987850014  0.23783750456874725
  0.24892140095975593  0.26037417092489773  0.27175368966723190  0.28168548802788146
  0.29179397384675204  0.30190567375627625  0.31194146239379922  0.32214971996700736
  0.33269577322971888  0.34332843083068953  0.35389161520023044  0.36394111855769662
  0.37402487907940996  0.38438941768436430  0.39487258044691598  0.40541635682035615
  0.41598955871962673  0.42643836004633140  0.43688271923748978  0.44714314998973348
  0.45747112043066568  0.46842447416754968  0.47987324526572306  0.49107056362659607
  0.50220526696994783  0.51302206698867181  0.52342996523525243  0.53335003625180477
  0.54327795373661125  0.55380000921958183  0.56471210302788455  0.57597177684354373
  0.58761768142187987  0.59889176916547437  0.60990329848819314  0.62048736223707568
  0.63087184341675728  0.64165901336010556  0.65256280476208484  0.66431715593725249
  0.67562557651451816  0.68720704419985579  0.69784555659937753  0.70870970871754735
  0.71923761527982100  0.72980484687235148  0.73978997023744641  0.74981513384065068
  0.76063785231786918  0.77166555319456021  0.78250751909674154  0.79343780069616709
  0.80403472188802916  0.81446030216361609  0.82454517225436474  0.83470407840737104
  0.84509517107195675  0.85541270186008911  0.86594149004785925  0.87634814950751427
  0.88689276736763056  0.89710749283646118  0.90773869357306913  0.91811351177371070
  0.92864533136563854  0.93920741037279165  0.95011935567615069  0.96069296307168783
  0.97090288492630905  0.98086179602062262  0.99062736844279320  1.00000000000000000
 -0.00242166382955428  0.00936279888815814  0.01981128205069875  0.03005978137115801
  0.04074233137408628  0.05104610088457370  0.06108066441511163  0.07088111107141287
  0.08074822038718743  0.09082453154327008  0.10129053956672848  0.11214547740006921
  0.12350098604029726  0.13378511106576260  0.14383205179974953  0.15391131536971800
  0.16435025459328056  0.17493018311443717  0.18531485970583406  0.19644471132801367
  0.20765649788202739  0.21888001630362100  0.22985828269122213  0.24041808602752501
  0.25126404518197398  0.26190391000781527  0.27270266265461979  0.28354329579551657
  0.29435488244364416  0.30532869866478035  0.31677223533793281  0.32839997413909344
  0.33949499124628968  0.35017787393914640  0.36069867849633996  0.37119167421159616
  0.38184508564500513  0.39277686647345700  0.40380803569152346  0.41451202979261847
  0.42477873424121593  0.43522842403648565  0.44587912875212915  0.45643727508354009
  0.46659952234820645  0.47708929913458503  0.48778870788181644  0.49845170317851789
  0.50888008351820391  0.51948109557635336  0.53034161994999418  0.54109982473130003
  0.55158789700356381  0.56189322179012791  0.57231049396715272  0.58264985411240811
  0.59291718560438866  0.60310555432814583  0.61329804327244675  0.62329354468842846
  0.63332541765706907  0.64337581962010515  0.65362225926287476  0.66395597824270036
  0.67442396581187170  0.68470255206567177  0.69497691409742279  0.70495448056532517
  0.71576460270787001  0.72596685904862879  0.73667484418964013  0.74724338427648396
  0.75798643452276404  0.76907658484873853  0.78028380545259002  0.79126359501531907
  0.80173529121291653  0.81214798462649163  0.82265408112996474  0.83320621011626983
  0.84363317696225626  0.85433645904190525  0.86513782041729703  0.87599434524934949
  0.88684991140422031  0.89743806939189530  0.90768451623459590  0.91787625884455104
  0.92821086155170651  0.93828871197516617  0.94826494973535957  0.95843968215285313
  0.96903779867521445  0.97986833556164010  0.99006906112418547  1.00000000000000000
 -0.00244231461456375  0.00923054171189732  0.01928594699564321  0.02899450191318109
  0.03886554051540996  0.04896670646563222  0.05893736792874823  0.06851158420726111
  0.07823802656674134  0.08879827520699644  0.10008034877600798  0.11066596216965244
  0.12064072024293722  0.13141328671298194  0.14228604862063202  0.15326537739434226
  0.16347251821604603  0.17430609961194471  0.18519574233091740  0.19543837562255126
  0.20581742927176538  0.21542178468099318  0.22493373771562594  0.23424678776943025
  0.24380533705632279  0.25363581315528605  0.26396030502670320  0.27412892042447368
  0.28478044956768028  0.29569745007042514  0.30708809057772679  0.31822296850075832
  0.32848912738823860  0.33850814510538024  0.34863264470639665  0.35866207997300581
  0.36856565282508275  0.37848041576418878  0.38840155212366989  0.39854747727448936
  0.40890760206160109  0.41943013201360957  0.43014893457293207  0.44149514051379923
  0.45337498711934882  0.46490199843878910  0.47569997400725672  0.48610373725355405
  0.49641913783455122  0.50687633329952897  0.51748010361134433  0.52814633388650678
  0.53873320932643620  0.54923467796964176  0.55983243628794921  0.57067378067938024
  0.58149708222493335  0.59203372421518885  0.60256709958099741  0.61362730813727162
  0.62499411556240747  0.63615259872095298  0.64693771949435053  0.65755083085658528
  0.66792852806278469  0.67815147565888834  0.68824496345624719  0.69866525863301887
  0.70921822836191117  0.71990085674881665  0.73048690340574884  0.74114236973934489
  0.75217386272374276  0.76323414981484849  0.77410144254863111  0.78449178267308040
  0.79474993651907055  0.80509023975388583  0.81565481017498331  0.82637720245276081
  0.83696960996561853  0.84751256719671342  0.85804944674371841  0.86846746859895818
  0.87904176510930210  0.89002040985480146  0.90118775941144069  0.91193181725954797
  0.92243313691913109  0.93288691879054253  0.94371999889515945  0.95475076585226049
  0.96618535092840374  0.97734534239745985  0.98884937862672750  1.00000000000000000
  0.76651733362003638  0.76796119236360461  0.76978218843338908  0.77159722054866076
  0.77376312367846534  0.77613101406614060  0.77851949545008281  0.78096059568919640
  0.78332751366343623  0.78564674025535297  0.78793772422204666  0.79026560529141077
  0.79243731762735670  0.79447118181396370  0.79646525810238034  0.79846916468371110
  0.80051728579062920  0.80260296447938284  0.80469450340124138  0.80680980235705069
  0.80893284013346478  0.81104566154913538  0.81312274529437445  0.81516255847405183
  0.81721296315820435  0.81923877269874923  0.82125412995697389  0.82329024375864235
  0.82533114134103769  0.82739446176343023  0.82942716426999163  0.83147897651166047
  0.83354247005396098  0.83563950078031690  0.83773021620083765  0.83983547663949421
  0.84189900655379002  0.84393080617897076  0.84593367683536591  0.84797653698226405
  0.85007978215238256  0.85217156659496718  0.85423745740016976  0.85629022123140719
  0.85832059353975432  0.86033871015287411  0.86236255063836942  0.86441049209861254
  0.86650324198651152  0.86855761862003245  0.87056799504780924  0.87261259081039533
  0.87471176817485785  0.87683199510293142  0.87891492341042998  0.88096293348724541
  0.88303093471197402  0.88507500320520505  0.88707221464865593  0.88904891834149669
  0.89106662617626742  0.89318697046027340  0.89538306312577887  0.89762116875647413
  0.89980243690790196  0.90196923455803746  0.90418084945019483  0.90642916980092070
  0.90871214003417611  0.91097232192408462  0.91323035313576550  0.91545165560023245
  0.91773529192282721  0.92013265457701365  0.92252939889350916  0.92495046705179751
  0.92739238333299401  0.92986280073733907  0.93236129771417608  0.93485977106769325
  0.93744887566630442  0.94017077820669592  0.94294987679972475  0.94575295870298259
  0.94860531055555264  0.95155940927802829  0.95459279539727082  0.95772074658857531
  0.96110606328249826  0.96474402758562416  0.96862878475697278  0.97273204835355909
  0.97713551709600210  0.98238684643741769  0.98944695844807518  1.00000000000000000
 -0.01852507227705046  0.09303417665782704  0.13172099665600548  0.15823305276406455
  0.18036915163384654  0.19957151647201543  0.21710233994715220  0.23296079334278655
  0.24704232370549364  0.25935744012724082  0.27048811682770157  0.28106821470107224
  0.29107469689885046  0.30050059942365193  0.30929799979668987  0.31747424801944862
  0.32494252893962078  0.33225246681523557  0.33930998319583316  0.34604393183992921
  0.35256385594671591  0.35870944899869478  0.36470246383490218  0.37072114738735940
  0.37670300949796198  0.38259905261558597  0.38837888662786835  0.39405812857912881
  0.39957314208203037  0.40502007801105977  0.41029457153169524  0.41561447186552458
  0.42109563468596195  0.42660576279349316  0.43198587595442745  0.43719884087440553
  0.44232214417169524  0.44759746966857600  0.45292376130927436  0.45810816535725213
  0.46309780120101074  0.46795146646398855  0.47276448320822934  0.47757237192195157
  0.48225405303299179  0.48686611963854437  0.49146347424015030  0.49612768373797822
  0.50081497698878830  0.50568498233242276  0.51058225076153363  0.51527110616189342
  0.52009178928277178  0.52498636600472726  0.52995953557377296  0.53501601971639023
  0.54008704392425877  0.54513704026901555  0.55022377665612554  0.55537786405392020
  0.56056386553117277  0.56577571873850696  0.57101841762805217  0.57646485513179235
  0.58198576275599190  0.58741833624939632  0.59284761218369841  0.59812943339452529
  0.60354515259384522  0.60896407844114664  0.61457621778936677  0.62038691302488957
  0.62628617703377332  0.63237028914459248  0.63858589859017278  0.64491522964696468
  0.65149047780858182  0.65826120629543261  0.66550374689861136  0.67344490282432312
  0.68163195608585692  0.68988488405706272  0.69832726362953912  0.70724751851589818
  0.71707312628747244  0.72765770128139107  0.73887513958124640  0.75114036834346753
  0.76500926156869109  0.78037946487962795  0.79795336162438391  0.81815155511216864
  0.84007390898001688  0.86663867876685585  0.90588800954192328  1.00000000000000000
   6.2684727809643860E-020  -1.0000000000000000     
 T T T T T T T T T T T T T T T T T T T T T T T T T T T T T T T T T T F T F T T T T T T T T T T T T T T T T T T T T T T T T T T T T T T T T T T T T T T T T T T T T T T T T T T T T T T F T F T T T T T T T T T T T T T T T T T T T T T T T T T T T T T T T T T T T T T T T T T T T T T T T T T T T T T T T T T T T T T T T T T T T T F F F F T T T T T T T T T T T T T T T T T T T T T T T T T T T T T T T T T T T T T T T T T T T T T T T T T T T T F F F F T T T T T T T T T T T T T T T T T T T T T T T T T T T T T T T T T T
  <DiscreteSampler_grid>
  grouped_processes
  1 # 1 for a reference and 2 for a running grid.
  10 # Attribute 'min_bin_probing_points' of the grid.
  1 # Attribute 'grid_mode' of the grid. 1=='default',2=='initialization'
  0.0000000000000000 # Attribute 'small_contrib_threshold' of the grid.
  0.5000000000000000 # Attribute 'damping_power' of the grid.
 # binID   n_entries weight   weight_sqr   abs_weight
    10   10   6.607141177967054E+003   1.951685162905884E+008   6.607141177967054E+003
    11   10   6.607141177967041E+003   1.951685162905882E+008   6.607141177967041E+003
  </DiscreteSampler_grid>
