 -0.00000000000014392  0.00000000003079021  0.00000000021393791  0.00000000059174664
  0.00000000115257359  0.00000000182462918  0.00000000260807353  0.00000000354926226
  0.00000000462588349  0.00000000582522450  0.00000000713130589  0.00000000848897158
  0.00000000996245860  0.00000001134468773  0.00000001285836813  0.00000001444295029
  0.00000001602980197  0.00000001776793124  0.00000001962471160  0.00000002150380113
  0.00000002338979947  0.00000002529002191  0.00000002756121465  0.00000002981581245
  0.00000003204428435  0.00000003426141664  0.00000003650187753  0.00000003900005095
  0.00000004159329459  0.00000004411107715  0.00000004662898951  0.00000004912044357
  0.00000005160475574  0.00000005422980260  0.00000005696428704  0.00000005978083798
  0.00000006266461788  0.00000006559726026  0.00000006856926889  0.00000007159173988
  0.00000007468570772  0.00000007781984668  0.00000008096029866  0.00000008416770620
  0.00000008726233368  0.00000009036521195  0.00000009346513691  0.00000009658824780
  0.00000009975216770  0.00000010291873068  0.00000010607389687  0.00000010921538695
  0.00000011238027688  0.00000011577989341  0.00000011965525563  0.00000012369627054
  0.00000012777130389  0.00000013187285847  0.00000013605688689  0.00000014023935527
  0.00000014452868538  0.00000014883076278  0.00000015318022274  0.00000015762596772
  0.00000016212442268  0.00000016641868669  0.00000017122152508  0.00000017626991691
  0.00000018142117695  0.00000018660729565  0.00000019183055611  0.00000019716533979
  0.00000020273700499  0.00000020860576416  0.00000021474604749  0.00000022091748079
  0.00000022711045739  0.00000023333999076  0.00000023974111076  0.00000024720310608
  0.00000025514156566  0.00000026477139277  0.00000027463275377  0.00000028449664065
  0.00000029483516740  0.00000030616463306  0.00000031798214240  0.00000032994765921
  0.00000034294170944  0.00000035870168534  0.00000037926582497  0.00000040626586987
  0.00000043925653395  0.00000049680961917  0.00000060039830289  1.00000000000000000
  0.00931325781786313  0.01670747795836563  0.02632626900146329  0.03674072016490296
  0.04623017546432961  0.05536466999229075  0.06524864373647693  0.07521966536635633
  0.08501358563320428  0.09506784069692788  0.10557763989124229  0.11702891898985131
  0.12869308670717139  0.13965915864390868  0.15057122104194959  0.16044413026193236
  0.17058344456931990  0.18157865807925949  0.19214362751875019  0.20277875893149000
  0.21304997694593256  0.22378299542097937  0.23393441068381288  0.24367445783396194
  0.25341233521522283  0.26351930321246769  0.27455109302995234  0.28628278921689576
  0.29831575419160511  0.30972321548036347  0.31969292296315349  0.32889743958420781
  0.33812588870466809  0.34735510541927267  0.35655430639386382  0.36572097260426495
  0.37541696625664062  0.38601811277343795  0.39723813243882455  0.40864816048523450
  0.41980939222962993  0.43036758285876470  0.44074286004082941  0.45110587532959778
  0.46136741458958858  0.47158245141134936  0.48207187580804201  0.49305368528271065
  0.50462130344848799  0.51645933917732290  0.52835565089244396  0.54040993991491926
  0.55243302548388007  0.56441402063742163  0.57610606422527832  0.58732341574725933
  0.59847404933829695  0.60971807483954832  0.62114481881222949  0.63193797463606549
  0.64204906944894047  0.65185180836760304  0.66136464587839716  0.67122812533559317
  0.68182161059646129  0.69265027829690873  0.70327445101159602  0.71378042333002001
  0.72469952043940855  0.73615602434989336  0.74800699928484571  0.75964555341678941
  0.77090945323481230  0.78080708897911755  0.79043595815086998  0.79910714743126843
  0.80743686803718651  0.81558853615037374  0.82359986118249029  0.83159041220118091
  0.84004486225818398  0.84854295883100683  0.85744942484736719  0.86712573271387094
  0.87694132259441393  0.88638924264104735  0.89618574828206932  0.90642964659664760
  0.91673939984343700  0.92710046289037706  0.93758885045483664  0.94792890905839389
  0.95871819920786583  0.96949124704101952  0.98088202811840741  1.00000000000000000
  0.00986025003096218  0.01509480692036176  0.02336998181955435  0.03258889115934746
  0.04195588053703432  0.05075951142155263  0.05972670438207200  0.07008491037922272
  0.08131587781299146  0.09239011255843080  0.10319112847056550  0.11377159018435747
  0.12443789275534294  0.13506383409284722  0.14602781580966873  0.15681710469216403
  0.16777161461047943  0.17880939012906588  0.18959642869767243  0.20016337326010308
  0.21050647915008064  0.22070652657713102  0.23092695355856574  0.24126591174806211
  0.25181106208627679  0.26216927690068537  0.27248226175299661  0.28315813283486962
  0.29400130251283346  0.30536617403752092  0.31626182455181912  0.32644015794008274
  0.33630269923452949  0.34622501727609883  0.35632964104695708  0.36653701109816289
  0.37690052491957521  0.38741916557414929  0.39787200232018199  0.40702536757288843
  0.41703276050597737  0.42756571172202779  0.43859802974629575  0.44923745926159281
  0.45935628354034835  0.46916876044170008  0.47895255426082817  0.48905542417167713
  0.49914542633286740  0.50975022851824181  0.52089071183249325  0.53264651748036873
  0.54391507591585930  0.55413906894847598  0.56456704135178237  0.57518690505078762
  0.58568154108715642  0.59643106752584130  0.60801454782586184  0.62099820158471697
  0.63374358504703232  0.64610093810478630  0.65881135080286779  0.67084100802977753
  0.68088984689322740  0.69150958951442998  0.70224917613375137  0.71238716647110600
  0.72127186205733040  0.73037901834992291  0.73995390745392275  0.74962807247637586
  0.75942142005729751  0.76908075546510546  0.77963205963677695  0.79054857987082161
  0.80202151704304991  0.81392435835587584  0.82566058781038176  0.83702417813499086
  0.84830351872626841  0.85864905586872875  0.86900613964158946  0.87965849972170995
  0.89007932108272059  0.89978447879952939  0.90915434516794524  0.91875551179012815
  0.92916842898427843  0.93949442769955471  0.94998161169178397  0.96044848168551900
  0.97116452022123123  0.98125787552771493  0.99131753221279795  1.00000000000000000
  0.00003820472316958  0.00004025654305277  0.00004151125206811  0.00004353910993999
  0.00004551106053302  0.00004726744132082  0.00004892565686506  0.00005050254542553
  0.00005199006028519  0.00005343602438486  0.00005493307387116  0.00005652961036753
  0.00005817008094057  0.00005984452567878  0.00006154251935610  0.00006319501338950
  0.00006487245941518  0.00006671786607271  0.00006860456740533  0.00007045925980144
  0.00007230100851125  0.00007417352103767  0.00007612312118306  0.00007811912203106
  0.00008017371160548  0.00008229213630012  0.00008440139889351  0.00008646860830639
  0.00008854762084316  0.00009067583786285  0.00009282144930505  0.00009503142617296
  0.00009724599941346  0.00009942959434560  0.00010164345564827  0.00010398151024646
  0.00010645675469621  0.00010898642166721  0.00011158987396258  0.00011427615595301
  0.00011697563153397  0.00011971081172603  0.00012258447166218  0.00012553159464249
  0.00012851526264155  0.00013156936314784  0.00013465471876159  0.00013781298763711
  0.00014159242732689  0.00014555387850825  0.00014959712116004  0.00015386639267149
  0.00015805593586295  0.00016265948523102  0.00016764945444728  0.00017292743838804
  0.00017847739423762  0.00018408241297965  0.00019058490574458  0.00019782360223110
  0.00020500697425055  0.00021250098959729  0.00022079045734427  0.00022982418854368
  0.00023937945112806  0.00024923675305890  0.00025996872677994  0.00027118174685822
  0.00028290258486549  0.00029592377408024  0.00031033987055478  0.00032573222370566
  0.00034286018177757  0.00036319815148153  0.00038487438413641  0.00040878601567284
  0.00043636560760465  0.00046633675066145  0.00050191135548627  0.00054209642039782
  0.00058644448861889  0.00063659418531887  0.00069351987964026  0.00075716278121790
  0.00083648823644269  0.00092698473851901  0.00103637672885274  0.00116819476605369
  0.00133040606317528  0.00156392633013996  0.00186905830110202  0.00225998747948098
  0.00291715578969692  0.00427449827580195  0.06275946876049661  1.00000000000000000
 -0.00189803908435458  0.00911542999424102  0.01806235526323685  0.02714083258159422
  0.03653028840849398  0.04628717165669275  0.05703797967106633  0.06814287922378981
  0.08006867012515193  0.09066803129460550  0.10119416856053101  0.11150405121387914
  0.12235210620247264  0.13197323477548473  0.14156588746892917  0.15073653222537667
  0.15923312862030045  0.16770333431427809  0.17668861807808445  0.18533511167939407
  0.19492853604512711  0.20488581046422169  0.21598016801591272  0.22729507676241387
  0.23843056834885520  0.24978929085286655  0.26137159412393146  0.27286677503484996
  0.28376301507756208  0.29459527620610104  0.30544097745355658  0.31611745447783274
  0.32679958585010499  0.33760534712576434  0.34830322621822313  0.35917407409479113
  0.36997889709618503  0.38110021165669844  0.39319439789171762  0.40635531209167308
  0.41939815605995906  0.43166797799258450  0.44284257179920017  0.45343037321451007
  0.46375678778869939  0.47377073294034711  0.48429447433445388  0.49477042929376552
  0.50474458367490149  0.51401755357647039  0.52394144782232333  0.53448482147655596
  0.54536113430786204  0.55602715592742591  0.56629070507522239  0.57669034062296209
  0.58706979527104575  0.59746909204445542  0.60790823487451040  0.61837197920208720
  0.62878139252170395  0.63900383003963490  0.64872844335413526  0.65805153829474994
  0.66757948373038678  0.67739636991916463  0.68735829316542141  0.69730772021944565
  0.70743276452587744  0.71862130296210736  0.73069124129589558  0.74307750974138120
  0.75530920741917340  0.76670381581953861  0.77746212120255331  0.78831209305235661
  0.79964580097644899  0.81127441962912206  0.82217666644727261  0.83234456756427244
  0.84268261125078670  0.85301482319309019  0.86358883732594460  0.87378607604109793
  0.88421311826555360  0.89443960361871322  0.90462761263915203  0.91466728671161457
  0.92533211861519227  0.93652985014820578  0.94738900226519573  0.95783200672174884
  0.96850949623154781  0.97929995922501534  0.98969542801304711  1.00000000000000000
 -0.00221480200943105  0.00896211103375618  0.01897712394079952  0.02999452775068332
  0.04143068031772191  0.05293489436276315  0.06471843710580662  0.07672759255482701
  0.08790697416097043  0.09838772626495715  0.10858728336725298  0.11859661996522868
  0.12884242251862665  0.13933540249320350  0.14969130662673139  0.15935489710792966
  0.16909622802476279  0.17934650331512164  0.18964744745175879  0.19964290779957838
  0.20964620293261607  0.22054675854276506  0.23186542073992841  0.24147536361884528
  0.25195019757341197  0.26200550845235060  0.27188834024391134  0.28154953952811740
  0.29141648804359055  0.30180555810654441  0.31247036012129065  0.32258968392015219
  0.33204879731465919  0.34142755508993672  0.35113366646010108  0.36150660587513522
  0.37272001094725665  0.38488110235315187  0.39715929203685357  0.40848053087621727
  0.41939290039201282  0.43009973406030200  0.44074486658314593  0.45021137950129880
  0.45998624781787228  0.47079370237062840  0.48192698841080606  0.49401081076097986
  0.50591248564799829  0.51733586202810677  0.52820285341385487  0.53895823426031020
  0.54991411316092542  0.56070666091942434  0.57085064668891483  0.58086588087816027
  0.59055858235844794  0.60005408464979237  0.60968704913023952  0.61943545322076909
  0.62996195432453139  0.64148801556826718  0.65353019734097806  0.66543648144919287
  0.67676551496594584  0.68790024089784552  0.69889748677793162  0.70962848603362172
  0.71953220075581981  0.72944936969055829  0.73958730333373590  0.74988785319457540
  0.76031505257057175  0.77083289757400353  0.78144187221711103  0.79185979117311944
  0.80214744173690589  0.81246433408328578  0.82311117968186609  0.83411188514497792
  0.84554664498212606  0.85637144230540829  0.86655103898697883  0.87664781290839078
  0.88622254669097278  0.89598588692697390  0.90532846484768070  0.91493709853890715
  0.92510706214751004  0.93564675231199101  0.94580038328651672  0.95557220462274406
  0.96584104764210033  0.97708847921757658  0.98855730705377953  1.00000000000000000
 -0.00238496048258113  0.00966764128555169  0.01907864415821654  0.02987954381221929
  0.04023192985082584  0.05032010338650889  0.06018887864761509  0.07040296012812969
  0.08076263169919949  0.09031197098002877  0.09965922835842980  0.10906819371494451
  0.11842319850290957  0.12856560571803149  0.13906390339916017  0.15032747226769469
  0.16216254467114560  0.17259452112544676  0.18266121810299735  0.19267771696253161
  0.20231061047037599  0.21162620206354488  0.22042089037326562  0.22981918943097535
  0.23977981865086964  0.25010399629512786  0.26024116552930149  0.27004744873822389
  0.27915572821675638  0.28883288751072350  0.29831969965197652  0.30792318881923275
  0.31736822638515461  0.32670431915199044  0.33593278211832078  0.34547120934079179
  0.35531682658720426  0.36550286107176205  0.37630644408548097  0.38801426756279705
  0.39968641424668933  0.41126189937036389  0.42241484484458242  0.43294207294492582
  0.44346524343967830  0.45444432316499650  0.46606256551507891  0.47806244623460353
  0.49060561206186332  0.50334497182185289  0.51513616373901816  0.52680483898779662
  0.53728083424105710  0.54767373141073783  0.55716629101581450  0.56700946512832262
  0.57718146414704741  0.58826917574226034  0.60013191953684941  0.61228857665926517
  0.62378504768018028  0.63511172566023932  0.64605637270084593  0.65682082271610054
  0.66783460836266983  0.67880060517977181  0.68966224309146495  0.70043021074900791
  0.71134042842095668  0.72276855496557479  0.73419276352122398  0.74591341209340134
  0.75721507134729871  0.76826184058960201  0.77800474875887726  0.78755017402273553
  0.79739198909680764  0.80775163824215446  0.81851385142578847  0.82929329278381436
  0.83935770611005722  0.84959862892317717  0.85956827271195346  0.86989942654686314
  0.87992090238603726  0.88956301797267923  0.89963870835679360  0.91026259055988157
  0.92056597395006545  0.93047195592329945  0.94071716080306611  0.95187412547622785
  0.96341371346773697  0.97546970713214964  0.98768600490660041  1.00000000000000000
 -0.00211982046694187  0.00858831980955803  0.01722140107968213  0.02676207836769681
  0.03663715213539419  0.04703981966790162  0.05761548366919829  0.06800776855597762
  0.07901569189676741  0.08974359085580183  0.10065027212624976  0.11138068893985473
  0.12214195217938797  0.13271413144054645  0.14301430879667940  0.15302127906081647
  0.16255998538389135  0.17182576053683088  0.18076375923596724  0.19019570431754712
  0.20016659606592480  0.21029184572946732  0.22064464060800412  0.23182446136863241
  0.24441496381726091  0.25766694858433253  0.27017135562557942  0.28224298605288578
  0.29441749233643866  0.30493567284703255  0.31571136778959180  0.32675137020796602
  0.33797220447660814  0.34894132465616168  0.35963111846222945  0.37041594241416664
  0.38083768511358185  0.39078849729422910  0.40100930228694603  0.41141844067667610
  0.42173497151793737  0.43204648518950906  0.44239229351413939  0.45280195604794010
  0.46248309649260028  0.47220810255206974  0.48256807228877607  0.49268402711630449
  0.50236690336825340  0.51177146738845503  0.52087404323920017  0.53006975313838334
  0.53946595456860968  0.54880476816932111  0.55865258142449215  0.56899932925814689
  0.57923990880641785  0.58915912034335149  0.59895580418672634  0.60943094486838822
  0.62032581953495303  0.63133955301612887  0.64235499784459649  0.65319994190116160
  0.66377495400432607  0.67420398380428082  0.68445740147185852  0.69473540114254129
  0.70510228950621423  0.71499774552096229  0.72490470963886777  0.73485467999237297
  0.74463974448452142  0.75444855395394850  0.76457729215142034  0.77539607541923627
  0.78686600148095687  0.79865806504048920  0.81097199406384013  0.82370610788695664
  0.83593423539725753  0.84723428090321096  0.85790919763918394  0.86872386302563942
  0.87956723470645892  0.89076835628505691  0.90177049495930195  0.91209948040018907
  0.92221562417736547  0.93247159685009939  0.94291564234663194  0.95373155202759907
  0.96494141498974606  0.97689846963265525  0.98833668205427982  1.00000000000000000
 -0.00210463796746458  0.00815641635759028  0.01698876376510234  0.02653322296899271
  0.03644290243257192  0.04653125989356191  0.05679988080558086  0.06660282857920616
  0.07613224176275733  0.08567565943625374  0.09464665684999993  0.10368112966490202
  0.11299654567961102  0.12200008066468412  0.13152619085469941  0.14122008323853200
  0.15186259597889243  0.16261409461326978  0.17369512231451062  0.18433372908182100
  0.19478324785954185  0.20519000133829121  0.21607077619612788  0.22689891696714226
  0.23785716658396006  0.24881183861178310  0.26019038629817448  0.27172762673334644
  0.28381284840268683  0.29595933281653564  0.30769009053692292  0.31992876323039043
  0.33241709273582792  0.34450887912674150  0.35627929904298955  0.36777461698707370
  0.37902704406381948  0.39009382334412146  0.40241488924543767  0.41478376477318635
  0.42588028350194568  0.43579194711448904  0.44609480246835215  0.45592152811167974
  0.46584550222691540  0.47562067427827598  0.48772277023057037  0.50074881873887056
  0.51034820079424792  0.51998943929352015  0.52963539987236474  0.53949614331751716
  0.54869950494876696  0.55738423047862573  0.56638192758970674  0.57605472544582847
  0.58610497593433086  0.59606066217295450  0.60588764987898780  0.61585000495191067
  0.62618934170744001  0.63760569261284583  0.64903606393075852  0.66022453459805264
  0.67149926858126940  0.68351534672170156  0.69594378846558569  0.70845555084637457
  0.71989228979982001  0.73090605127141772  0.74177536406687805  0.75240085096497977
  0.76263574703704029  0.77287293917503885  0.78407596011534952  0.79550126472315597
  0.80648124251848652  0.81749505779525655  0.82848505722868615  0.83922722253834448
  0.84986098085061035  0.86010600500425738  0.87073854357643121  0.88117149501262382
  0.89162510511304738  0.90213800755197504  0.91262446123825247  0.92262912705337741
  0.93233441952507812  0.94185934392198434  0.95127166449495060  0.96079510427767312
  0.97028468867312767  0.97973245730739211  0.98995958326133948  1.00000000000000000
 -0.00229156040766423  0.00922194074209733  0.01949463627102610  0.02981298809145398
  0.03980181200409338  0.05042829221429929  0.06194515741599509  0.07361308811101520
  0.08497398904018179  0.09594883814650490  0.10676591458926132  0.11767773337187300
  0.12849246308928824  0.13928245797895814  0.15067174014210052  0.16289705709562846
  0.17529537172794027  0.18712126533210580  0.19869830400486041  0.20986266941014503
  0.22034748330144477  0.23063966775365913  0.24069580332925761  0.25063955772439594
  0.26032306470669253  0.27006808886401446  0.27922681192734583  0.28798379089214232
  0.29681492252331160  0.30565357881857336  0.31490587789805857  0.32474047430662667
  0.33475913538683844  0.34602769610539863  0.35820762863560335  0.37094832282499901
  0.38267492111184714  0.39351561538738206  0.40399596264457127  0.41440634647209529
  0.42467497089549749  0.43491992330954926  0.44669742412310304  0.45873369256855717
  0.47047925070223623  0.48126304988600682  0.49185071385526979  0.50240482775302853
  0.51333178283386172  0.52480150400085757  0.53655554728180088  0.54843851132963606
  0.56050205290317312  0.57280461371233637  0.58465231794889894  0.59527268062844885
  0.60557632779488857  0.61571898071008591  0.62587609540964340  0.63542402719857460
  0.64479938770644640  0.65405601391642898  0.66337278275335099  0.67294596368625437
  0.68293738459084197  0.69313181004123448  0.70332848123077851  0.71404637823468442
  0.72579808350756603  0.73753299669845873  0.74856617713682305  0.75988370254674098
  0.77067732548995660  0.78036717420052382  0.78958998318232942  0.79872459709425814
  0.80824980311617745  0.81822038150725329  0.82818544196913291  0.83832484460333356
  0.84858394361113509  0.85890766056665357  0.86942872312567387  0.88008281944971223
  0.89072796366396456  0.90102699738943060  0.91079272129090261  0.92013810860840939
  0.92931107358238885  0.93858360938951657  0.94822261538718755  0.95814798671271340
  0.96867074041769929  0.97949660547733963  0.98956659832805427  1.00000000000000000
 -0.00288992651213273  0.00946827036251042  0.02085525558083511  0.03240674000027155
  0.04419932168777902  0.05598195536174833  0.06748953270492372  0.07827808859373346
  0.08836227211700676  0.09773801643686438  0.10706106334194475  0.11657982585065911
  0.12613681171217830  0.13623076632187819  0.14626129218882575  0.15624910733783418
  0.16656141666592073  0.17631396698821178  0.18632985845653996  0.19677247429264066
  0.20711526146222253  0.21758634942032812  0.22755658707115642  0.23807046879501237
  0.24870754732651010  0.25928549656293409  0.26990424572904209  0.28050795424168490
  0.29140279088924564  0.30271027140583323  0.31361333723293805  0.32376006981211625
  0.33372730599296874  0.34329411472923810  0.35251607982522681  0.36172089004391561
  0.37069932638054393  0.38029235454057092  0.39112552820862440  0.40227881705824958
  0.41351214978262119  0.42450379036570779  0.43536624374664790  0.44601354813491673
  0.45673090848880232  0.46818841985031390  0.47957566972570664  0.49008511450945696
  0.50071467973219241  0.51193125591246080  0.52305823744955382  0.53393589674430209
  0.54484810796325722  0.55574377469702740  0.56603750815479958  0.57584854053464651
  0.58591340015784643  0.59652494477268170  0.60687696439803296  0.61638250350082946
  0.62561727495674035  0.63505358709067783  0.64430737446456865  0.65310411825672132
  0.66171563594957272  0.67124379894070962  0.68133476802308279  0.69194827368103151
  0.70242258847512684  0.71344369589432810  0.72533093698010276  0.73667174354797060
  0.74779477282142159  0.75909350358835503  0.77026605443398266  0.78136721360410510
  0.79215009178170959  0.80287127155124938  0.81401090644021257  0.82548726972901187
  0.83670996388017593  0.84723825233764483  0.85779396095044047  0.86868416590709463
  0.87934930099747599  0.88975890902712984  0.90008284910936187  0.91097237016037458
  0.92162765885343778  0.93230054891932712  0.94292899073199410  0.95331141884375481
  0.96386307838186103  0.97510779329216912  0.98718487169150393  1.00000000000000000
  0.53748403583139337  0.53974885296829955  0.54182360183457723  0.54426488077523683
  0.54742065318976352  0.55046256010126016  0.55380163794060056  0.55727331512103229
  0.56062271175250378  0.56392161017461728  0.56709037253810712  0.57017510599857524
  0.57314394550839143  0.57591019235763619  0.57872043579160437  0.58159261061253453
  0.58452738315332708  0.58753275682352402  0.59064676727460164  0.59377877805482471
  0.59676170094939684  0.59958568111548305  0.60236644398713235  0.60517755321031319
  0.60804001448419986  0.61087263747345288  0.61366049255569999  0.61657135698463028
  0.61967647666544645  0.62278301961482752  0.62582259651389605  0.62883788950096864
  0.63185088554550617  0.63497917111433899  0.63827539750180640  0.64166734251892932
  0.64513615201339380  0.64873116950785581  0.65231692309815281  0.65578357887891692
  0.65930322303220157  0.66284459260478124  0.66638718648315898  0.66999837013037222
  0.67365032592852336  0.67736648250475651  0.68114523403945193  0.68458993140905267
  0.68823367624606890  0.69204514694418584  0.69600058002464749  0.70014786127615891
  0.70426958836495468  0.70842132987870121  0.71260221573169813  0.71681868120026215
  0.72110296018574471  0.72531090301466317  0.72961934955825036  0.73404959165564665
  0.73859362259136285  0.74311462910839166  0.74751623811379964  0.75197865144509746
  0.75662478780365516  0.76143743401377895  0.76643478371307516  0.77151557268164284
  0.77661734448391173  0.78148672225851978  0.78641068217660881  0.79145799673396500
  0.79683539741660125  0.80211299610795872  0.80737399466145487  0.81267181799657096
  0.81819420224241346  0.82393100755467963  0.82982605038183321  0.83582389778249866
  0.84181030720899230  0.84796939999613774  0.85438117676285619  0.86094893228555569
  0.86777623785311464  0.87507548250924239  0.88254384096295624  0.88994422699311260
  0.89789039030315432  0.90659605848133618  0.91569219541797198  0.92626026017634522
  0.93822063160340463  0.95272376508822076  0.97145588260557125  1.00000000000000000
 -0.01381029668149494  0.08125998448441379  0.11774755410705952  0.14208035030834162
  0.16233768487818354  0.18041390785690770  0.19724029116343875  0.21254255628075350
  0.22629698355178149  0.23796436027430642  0.24882240375280357  0.25937716473093486
  0.27001424647033928  0.27975291888281312  0.28910974202087264  0.29749896894086947
  0.30552786331420245  0.31339852036591082  0.32108628111501542  0.32857822255696240
  0.33569726440494863  0.34242405931015918  0.34893235566950337  0.35555340054915507
  0.36214220767418198  0.36849591271095361  0.37458636276360013  0.38045272920433998
  0.38639937223824700  0.39258501183541739  0.39849934861662623  0.40416226976933595
  0.40971227037931141  0.41521953995029826  0.42092123953584415  0.42669217986525954
  0.43235359380804955  0.43784748086907965  0.44310121421314230  0.44831123022672165
  0.45358271471720368  0.45859848096844519  0.46376592152533891  0.46887658780163088
  0.47421663616162313  0.47944801977924950  0.48452890506229063  0.48947648320336645
  0.49428105270311995  0.49908857885079533  0.50432973534366521  0.50993178341155032
  0.51548319159564882  0.52088567744035430  0.52616787873756299  0.53163865480881178
  0.53736169224547015  0.54325197355664934  0.54930450311344192  0.55540586350506926
  0.56149813810136362  0.56769249041560410  0.57417665278608010  0.58090806191754241
  0.58739521690183227  0.59365443799597506  0.59982494969748956  0.60588964114577148
  0.61188504818001599  0.61802771524958677  0.62438149792447140  0.63071338217944095
  0.63709988705557807  0.64359516232278091  0.65038574814898631  0.65740618148969954
  0.66447773158160506  0.67210450805792632  0.67991010624752024  0.68806686438515730
  0.69670630694577418  0.70607305998078351  0.71700745717765191  0.72919439709001443
  0.74231042002876890  0.75472860960834554  0.76658333831564085  0.77903199288079816
  0.79247355142284071  0.80671055513999068  0.82286723040513543  0.84139239693336676
  0.86151157326946282  0.88390611008860032  0.91868962177799507  1.00000000000000000
   4.0853816010809275E-018  -1.0000000000000000     
 T T T T T T T T T T T T T T T T T T T T T T T T T T T T T T T T T T F F F F T T T T F F F F T T T T F T F T T T T T T F T F T T T T T T T T T T T T T T T T T T T T F F F F T T T T F F F F T T T T F T T T T T T T T T T T T T T T T T T T T T T T T T T T T T T T T T T T T T T T T T T T T T T T T T T T T T T T T F T T T T T T F F F F T T T T F F F F T T T T F F F F T T T T F F F F T T T T F F F F T T T T F F F F T T T T F F F F T T T T F F F F T T T T F T F T T T T T F T F T T T T T F F F F T T T T F F F F T T
  <DiscreteSampler_grid>
  grouped_processes
  1 # 1 for a reference and 2 for a running grid.
  10 # Attribute 'min_bin_probing_points' of the grid.
  1 # Attribute 'grid_mode' of the grid. 1=='default',2=='initialization'
  0.0000000000000000 # Attribute 'small_contrib_threshold' of the grid.
  0.5000000000000000 # Attribute 'damping_power' of the grid.
 # binID   n_entries weight   weight_sqr   abs_weight
    10   10   7.012467384545332E+001   1.282632591046734E+004   7.012467384545332E+001
    11   10   7.012467384545333E+001   1.282632591046735E+004   7.012467384545333E+001
  </DiscreteSampler_grid>
