 -0.00000000000008605  0.00000000001572792  0.00000000009273541  0.00000000026316963
  0.00000000049573700  0.00000000077684240  0.00000000112709653  0.00000000152488324
  0.00000000198122492  0.00000000246436458  0.00000000301413892  0.00000000358008031
  0.00000000422592938  0.00000000493299733  0.00000000568907852  0.00000000647564110
  0.00000000722552593  0.00000000797465191  0.00000000882724434  0.00000000973976040
  0.00000001064638529  0.00000001157630955  0.00000001254974880  0.00000001356069887
  0.00000001461963173  0.00000001569324541  0.00000001676391710  0.00000001788466634
  0.00000001905173201  0.00000002021656065  0.00000002139784340  0.00000002259358299
  0.00000002375422244  0.00000002490374205  0.00000002612643522  0.00000002740061503
  0.00000002868032276  0.00000002999021830  0.00000003131743412  0.00000003262081934
  0.00000003388628606  0.00000003513220804  0.00000003640995662  0.00000003777852832
  0.00000003919621044  0.00000004068252699  0.00000004224633134  0.00000004381034644
  0.00000004537177164  0.00000004693200823  0.00000004848750292  0.00000005004144636
  0.00000005160193838  0.00000005314429398  0.00000005488417732  0.00000005665493709
  0.00000005843582323  0.00000006022246286  0.00000006198868500  0.00000006370020571
  0.00000006539948743  0.00000006714744390  0.00000006893913187  0.00000007081792071
  0.00000007278364622  0.00000007479403396  0.00000007681292934  0.00000007890629233
  0.00000008144127264  0.00000008395594420  0.00000008641928222  0.00000008892964252
  0.00000009149455189  0.00000009408349625  0.00000009673012198  0.00000009948568704
  0.00000010226816995  0.00000010505199926  0.00000010784482221  0.00000011072074284
  0.00000011383998780  0.00000011739253540  0.00000012167066380  0.00000012614476363
  0.00000013069458770  0.00000013537168201  0.00000014019926236  0.00000014522637019
  0.00000015065037586  0.00000015671397195  0.00000016362298740  0.00000017229956469
  0.00000018486854315  0.00000020168551428  0.00000021449678835  1.00000000000000000
  0.00999746575552015  0.01438860480294021  0.02114439375649202  0.02962880148946639
  0.03851812609622208  0.04951782440319959  0.06136208840089558  0.07310143549695801
  0.08478585297813461  0.09634928058786281  0.10802384913040593  0.11969098538908859
  0.13082534117440953  0.14129796810284367  0.15174427392579523  0.16219834635820524
  0.17244092845046022  0.18294640307268520  0.19360071713101373  0.20449814649827761
  0.21562701529515294  0.22641149870660704  0.23688815580028430  0.24736039676706306
  0.25846802101729094  0.27001166800403981  0.28109349761114027  0.29203310621463474
  0.30357301003745235  0.31515057156910570  0.32592986842119731  0.33624594223100834
  0.34522996670305583  0.35484125150632484  0.36398054802211627  0.37292312253450011
  0.38168488281242846  0.39056338825333192  0.39997914849274702  0.40984126365256529
  0.41972106587974273  0.42943576162905200  0.43907216123003562  0.44883327200702328
  0.45886323547667573  0.46908024245394836  0.47968141878887249  0.49095313564691501
  0.50249477636635387  0.51352741219892573  0.52439611463333824  0.53523637975605276
  0.54607706127036781  0.55706376307899141  0.56764030374289309  0.57755750975257125
  0.58751979477836813  0.59754483442000728  0.60751951444920560  0.61741351072747142
  0.62781146931194343  0.63915812522969773  0.65074022552140054  0.66220484745143038
  0.67395817606487185  0.68567117513868669  0.69649758751802904  0.70647636051992813
  0.71650836901756187  0.72640203079631305  0.73612365882702513  0.74614996167705849
  0.75708416309888449  0.76919404584566842  0.78108972005160060  0.79271161456496364
  0.80363865144065361  0.81441223758949766  0.82424981048843227  0.83363754603118112
  0.84257436852514567  0.85173831848914738  0.86171771378505557  0.87223865950483825
  0.88249541525413067  0.89287151152116584  0.90325413963948065  0.91348006462721609
  0.92394787685989221  0.93422744186227080  0.94553598040272324  0.95576206499645300
  0.96628548905888789  0.97692088154106527  0.98813381784245358  1.00000000000000000
  0.00938707679010769  0.01637986108808935  0.02705513858973963  0.03918248660900688
  0.05072436701400034  0.06224725593828672  0.07517541351963732  0.08844769873997614
  0.10103116715933740  0.11317782741449883  0.12542103416126188  0.13794612311410620
  0.14992148196573038  0.16000202400304159  0.17007249499387495  0.17982489321717274
  0.18975254041615019  0.19974467441345500  0.21010170613660131  0.22097426920647625
  0.23198839366719290  0.24321192562359703  0.25415446520326124  0.26474072319010766
  0.27564055842150681  0.28619086655034220  0.29657829290731103  0.30710532153460374
  0.31794838449257873  0.32994020352488496  0.34206060312387515  0.35425629649459989
  0.36634217745140701  0.37800493615994207  0.38965411934586852  0.40080057318516432
  0.41133155840174906  0.42162245387802605  0.43159294153891659  0.44182159575801017
  0.45174534720467835  0.46325500781178214  0.47561786038070281  0.48776783498437665
  0.49892646786547107  0.50915142640736211  0.51912647433731607  0.52896731853619350
  0.53869093609670149  0.54834018325936662  0.55809134251103498  0.56875249066919720
  0.57935738668032088  0.59029506102575902  0.60071421026023719  0.61018565725401797
  0.61950038011743325  0.62886127025481176  0.63828739396424528  0.64754430128117491
  0.65645886111692486  0.66540683618889473  0.67493623183016538  0.68458827788197052
  0.69496215704941477  0.70541074352949951  0.71621060952995652  0.72725297527426547
  0.73858772032440856  0.74929456543558870  0.75957474621185028  0.76963139269840386
  0.78036533599709601  0.79147754900354084  0.80261878830562339  0.81328251102987292
  0.82352653221265482  0.83326281220497189  0.84320232276939178  0.85339745301192749
  0.86349817316140709  0.87336555975831642  0.88313853727463054  0.89296659467568307
  0.90302862374749293  0.91327708003277930  0.92276344140609989  0.93177273496299773
  0.94076818957141883  0.94966433786054616  0.95856069335970795  0.96712048255849170
  0.97516760105823730  0.98381171410019330  0.99064417214103606  1.00000000000000000
 -0.00220356683011811  0.00876052631707129  0.01850908914220883  0.02879053587785128
  0.03911735845823357  0.05009850891829013  0.06063427020142290  0.07171885544335235
  0.08285853282599114  0.09340504564330067  0.10474716997423260  0.11580681822207273
  0.12617681894452218  0.13601120119511650  0.14611869223251786  0.15833492575831426
  0.17086206462218295  0.18334024078796790  0.19354490531795737  0.20298949369996303
  0.21247895744397691  0.22216765070912811  0.23201075097657042  0.24184224666119672
  0.25184102856138330  0.26192699639250139  0.27133858116684656  0.28064787327706903
  0.28998507439458948  0.29982088289846004  0.31024390454691142  0.32183978791937962
  0.33385731110817896  0.34471626507258679  0.35516425933045032  0.36583266174236428
  0.37625625766549436  0.38586536422676854  0.39509845120783432  0.40498476806857225
  0.41586770577611915  0.42732646088480303  0.43870329593054064  0.44977800003505514
  0.46046869225020537  0.47066666072662716  0.48069637240051488  0.49081995780142984
  0.50103750557301374  0.51110157148691082  0.52147139918541863  0.53261652482042754
  0.54406384276484943  0.55548107416527526  0.56707796868344762  0.57890195519268162
  0.59036630715718008  0.60110063881868148  0.61193965371998749  0.62243461437414693
  0.63254439844640442  0.64240881955277074  0.65260298975288256  0.66349192726706840
  0.67485821884681152  0.68625997557187224  0.69703831544562211  0.70741444556803457
  0.71777125710203538  0.72820778140052089  0.73864860749430505  0.74894115382350424
  0.75897821310387792  0.76891521594356926  0.77922153274241890  0.78990929207523197
  0.80054419894912954  0.81120727300521422  0.82286689997814699  0.83517857825951791
  0.84672436115724181  0.85748610087764743  0.86764888703054344  0.87735938750357767
  0.88712609258927488  0.89699424113026183  0.90722104559526806  0.91755869467807705
  0.92783745343283541  0.93795288831869050  0.94741994732810786  0.95735620116306253
  0.96795663290941591  0.97848683049092955  0.98903396065233418  1.00000000000000000
 -0.00233063193332797  0.00896718335247919  0.01959101218050455  0.03053084837346885
  0.04232158923554132  0.05475654332679999  0.06693458865319328  0.07789603112136823
  0.08926588150439276  0.10037322027758255  0.11076536329011903  0.12093412449085414
  0.13229331328022956  0.14471172047204689  0.15675073703695330  0.16750713489302341
  0.17763167823355558  0.18789069566276648  0.19872260129261329  0.20930406503361687
  0.21923586036615902  0.22882493825676720  0.23922160640107060  0.24993671592101774
  0.26167246246243014  0.27267211360720234  0.28262165668032790  0.29237424370064469
  0.30263859240649255  0.31277222513521397  0.32307698309786070  0.33367328586779182
  0.34548869765431833  0.35618631614353602  0.36614883014723998  0.37581989150321254
  0.38565744749531394  0.39621104504717630  0.40756042961348699  0.41868257711252810
  0.42949699789352036  0.43912816741345501  0.44946253535656294  0.45943610681241315
  0.46913495511838721  0.47886967671188813  0.48799193119437190  0.49738435865895397
  0.50651110030739588  0.51559981160770707  0.52481710702313267  0.53494812195455932
  0.54601496998960941  0.55881198962285117  0.57077187829925069  0.58195808421617279
  0.59338048193767534  0.60442064016965402  0.61500581672289589  0.62592370799772479
  0.63610812642526426  0.64602428421018054  0.65596117719985514  0.66594488743207869
  0.67628468788177276  0.68659506526611569  0.69736081112422943  0.70878265401330109
  0.72060104212268938  0.73309100583320830  0.74446400695190029  0.75558168325190866
  0.76659305140060763  0.77745676088866256  0.78802078468044312  0.79889975194461560
  0.81025557900879186  0.82072776430581384  0.83145299375586856  0.84156217339341521
  0.85193646041422455  0.86218380390762150  0.87288647113672946  0.88284110616445244
  0.89302564060497025  0.90277865182924488  0.91279147789656301  0.92236598449686857
  0.93129094994959516  0.94015935945833817  0.94941061003379634  0.95873741063940299
  0.96884331899601595  0.97826341870389699  0.98926774326533284  1.00000000000000000
 -0.00245148251348935  0.00951091605701841  0.01972021933850607  0.02999666043810875
  0.04037698136111648  0.05130133171926923  0.06272155648407803  0.07429579758250389
  0.08597556275935359  0.09777139414412961  0.11002187744253475  0.12251942277788559
  0.13551529885349756  0.14840842418703326  0.15996095507922592  0.17124264595919844
  0.18233800863961319  0.19251611388562176  0.20243589003159848  0.21219932572393321
  0.22177029521983543  0.23115060588472347  0.24083320934716271  0.25164651342636979
  0.26402733687807428  0.27636337947118522  0.28794067417406660  0.29952505312703059
  0.31049573035303463  0.32075994433555677  0.33008582004126963  0.33959181883203488
  0.34954107090998088  0.35957294936726325  0.36922874314382403  0.37831367298190283
  0.38723898496833636  0.39647842916085874  0.40589991373013468  0.41528990137035254
  0.42531697266812996  0.43614738610104875  0.44790922042966413  0.46029054211262826
  0.47267086443567236  0.48433879226508775  0.49590014895631895  0.50704824412718785
  0.51781168768741281  0.52824009985804266  0.53870400154922593  0.54918488079150429
  0.55994343036784078  0.57062657748901013  0.58141485073505628  0.59270154865577496
  0.60464310161135604  0.61666699271064440  0.62837879887832526  0.63984082585028590
  0.65132311422774714  0.66285939340025568  0.67373075536376614  0.68422503668550749
  0.69521268769669387  0.70661932601999511  0.71789895656419156  0.72851504008551859
  0.73908915889020799  0.74968664138213270  0.75952993301114724  0.76912279713236376
  0.77853807986085999  0.78783831947253613  0.79694151532142121  0.80550817915311035
  0.81429277615961881  0.82365068876859893  0.83295556525943570  0.84182540935963479
  0.85039089588835715  0.85898899740247114  0.86778351594688341  0.87695984155235185
  0.88635679869891904  0.89628493257459108  0.90675580308960291  0.91705453015576166
  0.92764452985421308  0.93817699268573251  0.94822236127337467  0.95827709400576544
  0.96861859681518714  0.97923812139850053  0.98959088809294371  1.00000000000000000
 -0.00242175732305656  0.00931852038755711  0.01922029688501291  0.03037944114137828
  0.04079021790624861  0.05122086304419340  0.06153128327642186  0.07242119355764019
  0.08384801228855453  0.09501547964120215  0.10652361456822418  0.11688282235042873
  0.12899090704560306  0.14172037767111176  0.15453538333649927  0.16650577269594155
  0.17814681660159459  0.18952084436601019  0.20073749223491685  0.21129255330275257
  0.22127097155820410  0.23135985929030764  0.24168952888813694  0.25196145894524041
  0.26206241990762680  0.27269260564531411  0.28419275302633951  0.29505437217517239
  0.30497746345006338  0.31454569611879823  0.32429568124203717  0.33452560513391438
  0.34526991591998096  0.35658407265799880  0.36825118599199286  0.37925838938998963
  0.38989883797410391  0.40075056198266901  0.41144167152453509  0.42142080019373579
  0.43062340232489332  0.43987886295173539  0.44972123463382713  0.45994063236984056
  0.46962496318021563  0.47884175591898953  0.48791457986100423  0.49746477249317866
  0.50771873210588070  0.51822100509378632  0.52771976807408350  0.53729915482496970
  0.54675529900658626  0.55656307143744155  0.56637091089244562  0.57654579068717327
  0.58804241089766429  0.60035748821472090  0.61057928234029124  0.61973756328190288
  0.62924547270489395  0.63934903763183537  0.64931647789178182  0.65876586166152029
  0.66830785788346514  0.67880900625826102  0.68890656856192167  0.69853293169791719
  0.70811578739693082  0.71771854876607710  0.72750573011539910  0.73737812168457728
  0.74724298874922068  0.75732756719126404  0.76776208405541302  0.78003448462497005
  0.79310996022553326  0.80533219116955612  0.81720313438113845  0.82912744012849005
  0.84102868211589110  0.85275331311210245  0.86382002121024881  0.87486810325688658
  0.88593294390997046  0.89758807265555263  0.90883952022132941  0.92021098719316019
  0.93141342557123397  0.94167191244731629  0.95146708876846176  0.96146833193382908
  0.97141082178100602  0.98137203869564604  0.99073263887235863  1.00000000000000000
 -0.00253252433261907  0.00943833232576276  0.02014515247075361  0.03071812189615802
  0.04116274491114909  0.05125410819895307  0.06158019624988742  0.07070171568892854
  0.07964276540974206  0.08869166714722396  0.09897397812912295  0.10874882108522960
  0.11763987804417708  0.12669362199909079  0.13655119887464748  0.14702964112892117
  0.15736033854066428  0.16728527706087129  0.17748173504903406  0.18681093696768947
  0.19701951027864717  0.20752506281783528  0.21889364438906106  0.23077808458782975
  0.24153257117468471  0.25196408368587497  0.26246089115240195  0.27298590546510887
  0.28376032637252613  0.29525797303080775  0.30785289653093412  0.31879613983874461
  0.32812899151933045  0.33785639705348519  0.34809431287859366  0.35869775717744756
  0.36873106566334235  0.37905430289373954  0.39097165591990285  0.40256420243418672
  0.41422459937519535  0.42585181852680259  0.43776357016236417  0.44878114241741685
  0.45983908739966556  0.47163314481299701  0.48250755873297940  0.49312618652036277
  0.50359634827953870  0.51380888798170044  0.52369628530683365  0.53341271276572344
  0.54385410911191945  0.55427692836434905  0.56455174386975215  0.57508217491157998
  0.58603581102342950  0.59594735378531571  0.60525662748031694  0.61399545215738283
  0.62295743127430003  0.63273795111463793  0.64284511722171567  0.65397072611055307
  0.66615574205020189  0.67769220736240776  0.68924916385960977  0.70008127427534361
  0.71120110408220782  0.72170170479752682  0.73201654186505671  0.74251821068595769
  0.75372380982111031  0.76537320174651091  0.77749345836332417  0.78922151259996032
  0.80042560900908177  0.81145419654080708  0.82215820975653353  0.83284300943997469
  0.84316577667805936  0.85318097245886682  0.86393773911147254  0.87490726126597496
  0.88611833927563366  0.89696203745504066  0.90776921228640806  0.91874848979314117
  0.92924808873173514  0.93934086919318949  0.94870937967367985  0.95804052309905163
  0.96751793117906459  0.97725931109111019  0.98855963388604806  1.00000000000000000
 -0.00242012942690655  0.00927286287689418  0.01975937327634166  0.02997121442566116
  0.04050861393964604  0.05095292953665074  0.06124532934546067  0.07164545317088163
  0.08297484886921369  0.09481356148260728  0.10675766812317405  0.11797300627122941
  0.12839977143999398  0.13885487183635858  0.14937733399608444  0.16094413984869047
  0.17284325187316893  0.18467335495875578  0.19516243327920188  0.20608910370871372
  0.21569770492782533  0.22487376226181946  0.23383892170465589  0.24335481140166593
  0.25306190548963059  0.26293469283375531  0.27311927429588245  0.28409099780706104
  0.29527240430346008  0.30677183216211817  0.31793624174692237  0.32923058516844622
  0.34069132289074783  0.35185326284217050  0.36232070618443829  0.37304433166717532
  0.38443293037333631  0.39577074271044044  0.40621345411381532  0.41640098826991012
  0.42684255320994646  0.43729217918388663  0.44742003807216851  0.45748139412381800
  0.46883737121736091  0.48074973008309840  0.49266174720076855  0.50413366238057422
  0.51531080384974637  0.52613353213272140  0.53646038554346653  0.54669618998827463
  0.55652425313796028  0.56637107326157221  0.57569105178446855  0.58489945641369534
  0.59370821613206792  0.60222370808780479  0.61074970957697838  0.61943771175801055
  0.62846419531974240  0.63883461826504340  0.64848642823474811  0.65832578745876857
  0.66803625764863539  0.67817420911920379  0.68824467754927043  0.69845209607446912
  0.70873275441335526  0.71896392800391462  0.72901986988407830  0.73925927864664387
  0.74982061701035196  0.76124629336967153  0.77254007748145614  0.78351962218451898
  0.79440408684492958  0.80447040360344502  0.81404345529460087  0.82345769787554213
  0.83295729929846429  0.84278160882667141  0.85295746423782115  0.86476990937178333
  0.87793722500885374  0.89055677584753123  0.90228347500345840  0.91282278756322965
  0.92433474637474100  0.93584309920872699  0.94688375976766936  0.95778307312050515
  0.96824491393790746  0.97912118660222047  0.98927395807731477  1.00000000000000000
 -0.01344695323676217  0.18261406648327916  0.24814615585463953  0.29302108050485492
  0.32808819215009921  0.35684445118877728  0.38153636033301030  0.40327442348395809
  0.42272718710273210  0.44034869439671709  0.45590893294711976  0.47016480271766059
  0.48375436212127715  0.49654928089771400  0.50914790483434025  0.52151200880257853
  0.53355926388394059  0.54557482029902538  0.55731829919442266  0.56768017969053219
  0.57697049608908690  0.58589049855789244  0.59396822827078710  0.60216820684508021
  0.60983253198517118  0.61701128276108264  0.62411924338649616  0.63116441820892255
  0.63812011285751358  0.64502420217623391  0.65193608583815499  0.65875187238788191
  0.66538749086960591  0.67209657120186117  0.67883068414976400  0.68552060671277171
  0.69225849243350701  0.69898900907571215  0.70566266743491968  0.71224598545265749
  0.71863756651109012  0.72509604215529377  0.73104778285163252  0.73677161206404918
  0.74249044482502302  0.74812760039906112  0.75337190441515711  0.75842559737633031
  0.76337208006867330  0.76827738392372957  0.77327625812491163  0.77840182404043434
  0.78361278952280888  0.78889776211816987  0.79404991917166889  0.79859915645052804
  0.80305614908256251  0.80733516964784835  0.81165925815672380  0.81605851172225397
  0.82056120387382814  0.82503210760356205  0.82952271447212300  0.83405230779420858
  0.83845847934480688  0.84277563869145444  0.84703614215176548  0.85104020972700611
  0.85503006432617279  0.85929878396679182  0.86369410646726064  0.86816201271966797
  0.87266523192648615  0.87712204462428522  0.88147213898355448  0.88575105855341441
  0.88997733761638342  0.89406374981268932  0.89821654196841116  0.90351239386152393
  0.90893905804998010  0.91448877312396892  0.91984114340794298  0.92505764943811430
  0.93018265503748954  0.93510429619929125  0.93967565293683586  0.94415370440539592
  0.94886132185047012  0.95371768878543006  0.95868058102039722  0.96374875141178917
  0.96885771142614119  0.97467356224706014  0.98207091872428032  1.00000000000000000
 -0.00305079295702651  0.01075604666808521  0.02204194895991933  0.03347112325758315
  0.04451248967044658  0.05475237543487552  0.06466864884145951  0.07491834947870168
  0.08551295146092655  0.09580592721294295  0.10595477719847843  0.11634878225218148
  0.12684726095533502  0.13705353391328870  0.14758944392203777  0.15828996986244423
  0.16930657694134002  0.18034094374723492  0.19047723010910669  0.19951348982969352
  0.20859108596577661  0.21804148058302789  0.22794306551438517  0.23775086548222810
  0.24750337178499110  0.25901865128043267  0.27166390559291353  0.28361429877565802
  0.29536232632994158  0.30662173074090482  0.31657406684894646  0.32509350549466554
  0.33455053469967100  0.34379289897596893  0.35279900229737998  0.36177350324100788
  0.37076035295663351  0.38029838807101579  0.39045105305231659  0.40070920625495521
  0.41096729735368037  0.42084647813032283  0.43074481195946163  0.44111525980277150
  0.45203132404549506  0.46267726924586688  0.47311833936646097  0.48437868573864806
  0.49660592995261837  0.50875349663419889  0.52046017868666472  0.53246915871523748
  0.54435548384954968  0.55565791830117495  0.56667199219089404  0.57733588509615419
  0.58785366685948515  0.59853295477135482  0.61125754283696931  0.62530849156135426
  0.63810836596422271  0.64939153002376970  0.66010942277851692  0.67052663284556080
  0.68106235562594286  0.69229427251174580  0.70383330064692939  0.71519606606905706
  0.72621292832282902  0.73674100538629750  0.74703981966588417  0.75707890992421634
  0.76700907728501178  0.77723932716292776  0.78805734077478673  0.79821377053585907
  0.80750696931715460  0.81693681815490171  0.82644383790405174  0.83589644710901534
  0.84492269273403808  0.85431540375255588  0.86485871440741569  0.87580429685406969
  0.88689699240845565  0.89790251759765061  0.90885180461075776  0.91982031302395828
  0.93143275761429123  0.94234406283037009  0.95279386886576833  0.96225440588434952
  0.97141404534539944  0.98103534989174690  0.99041204814968831  1.00000000000000000
  0.69894980496915005  0.70261692103915074  0.70536458590666851  0.70818816965110032
  0.71150367587425600  0.71486323418286257  0.71792303612289821  0.72097522151836246
  0.72406406781468291  0.72731791852706895  0.73085332988248231  0.73439576460121470
  0.73781398811649068  0.74108266863568073  0.74430882347036298  0.74748121384612920
  0.75042629344218503  0.75288086852355018  0.75536386781154274  0.75795564636484958
  0.76060373819734328  0.76329034331645018  0.76586295621081224  0.76873212656192236
  0.77144842884650811  0.77402081443936022  0.77652518107348412  0.77901345800828137
  0.78155161712657073  0.78413632816458534  0.78670566781399920  0.78924307321180664
  0.79171585288927382  0.79406913445385341  0.79642294758156917  0.79868410078183727
  0.80095221207189393  0.80322397378238264  0.80561210208636902  0.80800463124124156
  0.81041402613439917  0.81274264921316020  0.81491863981447088  0.81705390887133256
  0.81916909187281151  0.82138191775167158  0.82365333437796251  0.82600417121836545
  0.82834785060259308  0.83064938740851169  0.83290691495591440  0.83521219574374905
  0.83758362586620116  0.84005367041997869  0.84261406328184996  0.84521144428119943
  0.84777383009154628  0.85032591001542435  0.85290370557167305  0.85550578910388952
  0.85812898259413450  0.86074114712721106  0.86341467030583718  0.86614614501519371
  0.86893295318517583  0.87162985233111390  0.87425138506402644  0.87692259251301652
  0.87962442785549322  0.88239950484731999  0.88529270795655246  0.88830500614614227
  0.89132005786983715  0.89429874909632590  0.89722901758559359  0.90021027439418155
  0.90331762786403824  0.90650232201184899  0.90970129032249014  0.91293670383663350
  0.91625423901618552  0.91983931426077492  0.92352138246901017  0.92723428743328840
  0.93102238137465110  0.93482593704990546  0.93871559322260101  0.94270483328680144
  0.94679640162659895  0.95123928728226415  0.95604376006508096  0.96180142717384343
  0.96810004971560715  0.97525268984468017  0.98474108633789015  1.00000000000000000
 -0.01363057471077600  0.07939567694274459  0.11649702404820657  0.14180567280639106
  0.16418309540008524  0.18372565795871498  0.19970785611878145  0.21389242616114215
  0.22707938806795436  0.23953724041495067  0.25135563944199751  0.26230720310233285
  0.27286538805921706  0.28323081918895054  0.29290356764635828  0.30133175078254293
  0.30944476108486979  0.31750737364447357  0.32575558869872245  0.33369639360428527
  0.34059494755610698  0.34711609846825081  0.35324312445395217  0.35914257561297269
  0.36500685539899985  0.37077988495371572  0.37635217237913215  0.38172471668584851
  0.38707520096157277  0.39249823513680721  0.39812848063941225  0.40433091075976402
  0.41021489055079002  0.41604242824873444  0.42169042142861540  0.42743959213244503
  0.43317265606179606  0.43897312836208940  0.44459824429487149  0.45007276879619834
  0.45548427014836035  0.46083574012000139  0.46602730228985484  0.47100723387887367
  0.47594598002773708  0.48095452325307059  0.48619657307996095  0.49161994799860215
  0.49715832250419434  0.50248542720134237  0.50765539205996779  0.51287969077691720
  0.51806050199604126  0.52310718367573172  0.52789482630100804  0.53265983596761701
  0.53761177734504861  0.54264696745163155  0.54764173115539172  0.55264831780251233
  0.55759741348776959  0.56252446301654269  0.56764859382997312  0.57290184422133417
  0.57793710940283216  0.58306580196911195  0.58854539250780669  0.59402498403863579
  0.59961023782429201  0.60518165581878747  0.61151775346821535  0.61785922281454675
  0.62461186607897345  0.63166111120689850  0.63872673726160900  0.64583635635140124
  0.65301483635000857  0.66022364605827033  0.66751412243348851  0.67507908019141016
  0.68268487411468648  0.69027165336145191  0.69807641303076629  0.70625773717448548
  0.71553369905086206  0.72504188798890556  0.73487011812564595  0.74460093636092606
  0.75585354172287267  0.76864442601112182  0.78326146113809114  0.79907214693912432
  0.81897571983683015  0.84592394872928778  0.88716210584019350  1.00000000000000000
   5.2701995382253742E-015  -1.0000000000000000     
 T T F F F F T T T T F F F F T T T T T T T T T T T T T F T T T T T T T T T T T T T T T T T T T T T T F F F F T T T T F F F F T T T T F F F F T T T T F F F F T T T T T T T T T T T T T T T T T T T T T T T T T T T T T T T T T T T T F F F F T T T T F F F F T T T T F F F F T T T T F F F F T T T T T T T T T T T T T F T T T T T T T T T T T T T T T T T T T T T T F F F F T T T T F F F F T T T T F F F F T T T T F F F F T T T T T T T T T T T T T T T T T T T T T T T T T T T T T T T T T T T T F F F F T T T T F F F F T T
  <DiscreteSampler_grid>
  grouped_processes
  1 # 1 for a reference and 2 for a running grid.
  10 # Attribute 'min_bin_probing_points' of the grid.
  1 # Attribute 'grid_mode' of the grid. 1=='default',2=='initialization'
  0.0000000000000000 # Attribute 'small_contrib_threshold' of the grid.
  0.5000000000000000 # Attribute 'damping_power' of the grid.
 # binID   n_entries weight   weight_sqr   abs_weight
    13   10   1.324977457193648E+003   1.578492080860194E+007   1.324977457193648E+003
    14   10   1.324977457193655E+003   1.578492080860200E+007   1.324977457193655E+003
    16   10   1.325005654928759E+003   1.578534148047593E+007   1.325005654928759E+003
    17   10   1.325005654928764E+003   1.578534148047594E+007   1.325005654928764E+003
  </DiscreteSampler_grid>
