 -0.00000000005244659  0.00000000064363702  0.00000000193236078  0.00000000351125456
  0.00000000527557820  0.00000000723097068  0.00000000932075093  0.00000001145268143
  0.00000001362217587  0.00000001576773908  0.00000001797865400  0.00000002031374212
  0.00000002266510943  0.00000002506212676  0.00000002761218740  0.00000003020447605
  0.00000003275146029  0.00000003528669013  0.00000003789312127  0.00000004066648421
  0.00000004343018783  0.00000004622081931  0.00000004906282541  0.00000005190627255
  0.00000005481261409  0.00000005787031846  0.00000006089038498  0.00000006390607361
  0.00000006694103744  0.00000007002743098  0.00000007312061163  0.00000007625324299
  0.00000007941773447  0.00000008271323936  0.00000008603188043  0.00000008935597903
  0.00000009269579979  0.00000009608465929  0.00000009957605841  0.00000010313253909
  0.00000010669732536  0.00000011022865211  0.00000011377911908  0.00000011758442521
  0.00000012166412678  0.00000012567666641  0.00000012965061551  0.00000013370544312
  0.00000013775995405  0.00000014188299712  0.00000014599154725  0.00000015009856350
  0.00000015427244098  0.00000015861303871  0.00000016305759936  0.00000016749543790
  0.00000017201174450  0.00000017678436443  0.00000018171090735  0.00000018665357327
  0.00000019166146270  0.00000019677577573  0.00000020196672966  0.00000020713428740
  0.00000021251700545  0.00000021800219734  0.00000022353189095  0.00000022911048819
  0.00000023470817470  0.00000024049779343  0.00000024660970644  0.00000025290822463
  0.00000025979065799  0.00000026684566906  0.00000027402573014  0.00000028140883110
  0.00000028901841589  0.00000029686168433  0.00000030491297025  0.00000031317640614
  0.00000032172608495  0.00000033047664433  0.00000033956428823  0.00000034899513328
  0.00000035906001757  0.00000037015944937  0.00000038378319069  0.00000039774729781
  0.00000041235814372  0.00000042816152518  0.00000044590862126  0.00000046666451731
  0.00000049350831115  0.00000054340006484  0.00000060228185592  1.00000000000000000
  0.00892782245371944  0.01744615599430918  0.02945150523261059  0.04015610668991088
  0.05169936952242050  0.06264700951321855  0.07337189261671874  0.08411375595046570
  0.09482439046073490  0.10532220175600764  0.11521983713864752  0.12526672064194180
  0.13535850520836856  0.14558310692836809  0.15580224794699099  0.16611908950684889
  0.17684222946386399  0.18764068680482532  0.19800595711443555  0.20853590858388035
  0.21966369099665273  0.23065476796015685  0.24149568995861012  0.25211486660722160
  0.26251760649536426  0.27319899823572491  0.28410759712144040  0.29498039969177225
  0.30549134024963731  0.31630640421994111  0.32701406552432927  0.33746267166371285
  0.34753987572008299  0.35742367964146732  0.36755994547130383  0.37754953222749332
  0.38734636284575763  0.39695344181417708  0.40671302948189325  0.41672764084969743
  0.42689683347009733  0.43652080714895841  0.44811259837578904  0.45899791682011293
  0.46905431984282359  0.47903887466140771  0.48956006573695682  0.49987346587744436
  0.51012363289151219  0.52025798910969312  0.53048076697786339  0.54097829190831037
  0.55135892052148106  0.56168678085145340  0.57179850335028271  0.58177542074336641
  0.59163409252491028  0.60123296261088799  0.61103178027358862  0.62101607279941207
  0.63107579401173808  0.64143209293052383  0.65221154776651624  0.66317649550324798
  0.67383399844638980  0.68419809404044984  0.69447861572925285  0.70473271108620616
  0.71506175706147013  0.72546616033925626  0.73590817657724794  0.74662686132865996
  0.75779817443740882  0.76920294246196197  0.78021148697527598  0.79102790871381845
  0.80185721202111482  0.81274709644066934  0.82374431630699507  0.83486985768494204
  0.84614651621560766  0.85723189111975551  0.86837125280790661  0.87897577461767074
  0.88894891334752535  0.89930286736844245  0.91000300367220188  0.92093910922873545
  0.93155650145618440  0.94221681736105589  0.95266276257761662  0.96284667240718891
  0.97256775491242886  0.98272144011221430  0.99102869595265197  1.00000000000000000
  0.00943931582934739  0.01658919635096691  0.02630295860435560  0.03611271327063830
  0.04618726521257464  0.05634266967071055  0.06659764146372360  0.07708862819053369
  0.08779322366215367  0.09859309984652914  0.10943933755228458  0.12020840344944232
  0.13082710866039804  0.14132202045258557  0.15160042880277047  0.16165480421837275
  0.17166079221067795  0.18169532880848438  0.19153951516635317  0.20136498729111593
  0.21176725721151454  0.22303455029257621  0.23449909969242380  0.24562017891412705
  0.25671846908222462  0.26798978040237942  0.27847161031535755  0.28843923905657776
  0.29871584890654446  0.30865012593321650  0.31841000145520670  0.32782431332492817
  0.33775079914012701  0.34804032962158959  0.35790606120849899  0.36724614864077521
  0.37685838856106119  0.38693953886404669  0.39694794390018223  0.40658072400782713
  0.41642996787081027  0.42683995562296023  0.43742584769804743  0.44786480433142262
  0.45812410601645581  0.46810760635719051  0.47805448089812747  0.48822621914585096
  0.49851201969528292  0.50864486082540150  0.51864806890156567  0.52879554226956493
  0.53942944858555619  0.55033013360553695  0.56124309497337899  0.57225781766342043
  0.58337172470595222  0.59459356774731553  0.60529797343997815  0.61522049224475561
  0.62510662523988092  0.63564248463192707  0.64648529699376267  0.65705475957594583
  0.66724231602500095  0.67748962651962596  0.68770745715722459  0.69783553342734950
  0.70799394397270254  0.71816046080827844  0.72830323823041609  0.73854848292710096
  0.74898574275702945  0.76026278681458836  0.77148060955416542  0.78211772438162919
  0.79272125152942075  0.80353250378518304  0.81426127763027489  0.82476610192928368
  0.83532323733309155  0.84621556234441597  0.85732914017044459  0.86836068775206499
  0.87930864657734797  0.89032294584596661  0.90144985845988379  0.91259231998820300
  0.92335165416860232  0.93382782086901761  0.94458790962774475  0.95548368727043542
  0.96631772324745580  0.97698370822066227  0.98775319642003989  1.00000000000000000
 -0.00234285973876481  0.00916724513738954  0.01961711808922071  0.02991326298469994
  0.04035134270770066  0.05114525271389001  0.06230979264931134  0.07341235979872549
  0.08434566760561470  0.09516995574372832  0.10602018491888646  0.11662084940413769
  0.12754616915094347  0.13855526286390576  0.14953633863193050  0.16070895044900430
  0.17197399023677709  0.18315209102029401  0.19414396767856862  0.20475765232866736
  0.21509696736853287  0.22546199884085144  0.23573828264550803  0.24577985986508541
  0.25568085602723789  0.26551137332865077  0.27534083993324293  0.28519458788538737
  0.29532169574916417  0.30585687893491298  0.31654403384433882  0.32738985767597739
  0.33867063763258487  0.35020747718831197  0.36136451408702208  0.37190957563165616
  0.38204495609140182  0.39206381354819225  0.40247098262086051  0.41333547956827810
  0.42427886676674770  0.43522426557583666  0.44640756347819649  0.45801385453145854
  0.46961097525167778  0.48048474510551625  0.49043836395314688  0.50012003798315341
  0.50984636835704511  0.51941188786615544  0.52879422321173231  0.53869450996870827
  0.54991413112873366  0.56131860733642669  0.57204942426365402  0.58226963716118130
  0.59253907207913692  0.60304888698666237  0.61360715843648095  0.62406404760160072
  0.63435523981574249  0.64455836452420112  0.65467901009988161  0.66503307842918491
  0.67573172482465327  0.68657340349400653  0.69756971141122626  0.70844562041182124
  0.71908291383226342  0.73002553381000590  0.74140250137268737  0.75303098062221963
  0.76469295327786591  0.77613290054383632  0.78712982879427795  0.79737523564163637
  0.80700596850839845  0.81649712711686528  0.82589780972328175  0.83544979294475175
  0.84524073165642766  0.85505296609030346  0.86500079804740027  0.87488303942795831
  0.88470015967671778  0.89468652668041881  0.90501356946333045  0.91533164435319403
  0.92538937743409111  0.93516949374935210  0.94605586300589395  0.95762544856154241
  0.96845138716978252  0.97919406621849381  0.98960936742895589  1.00000000000000000
 -0.00220474438836698  0.00875575943461031  0.01870001925449872  0.02944338074274925
  0.03993228934625768  0.05075828423111006  0.06132353653019248  0.07241375725801703
  0.08314619356069254  0.09377517809666576  0.10437649435403343  0.11517687077167307
  0.12576587061615108  0.13587994359635058  0.14598618038329597  0.15576178579865188
  0.16579168154140661  0.17550145858135163  0.18511662656686176  0.19503270992682215
  0.20525149224164560  0.21585483372457734  0.22692273258870979  0.23784627236936609
  0.24865484137134838  0.25974226885229862  0.27118625329891421  0.28291543243594153
  0.29464797073202204  0.30632362978555733  0.31791136194764119  0.32944830467773567
  0.34108314510820370  0.35263027211814102  0.36384091728005091  0.37446715987472179
  0.38440589267793873  0.39422637835575780  0.40395811084252564  0.41361450015179391
  0.42329124535954554  0.43291818488335998  0.44287956057361566  0.45333723700902478
  0.46398363431166306  0.47472944323289568  0.48567691778685262  0.49691443368379840
  0.50821904139614671  0.51931190083524870  0.52988965002826249  0.54006620901699687
  0.55015541859782913  0.56034187906817956  0.57046347117415841  0.58055991367215765
  0.59084383237266369  0.60118690167855349  0.61150637547188913  0.62192901214275964
  0.63266075411983991  0.64343318942953309  0.65382286406383894  0.66393375775521479
  0.67348092629014433  0.68285022548631835  0.69222052887424290  0.70162639760556889
  0.71131545231849436  0.72179219382990023  0.73221819103913688  0.74288864010801936
  0.75359594287080989  0.76419837820679271  0.77509669844952755  0.78623822431554513
  0.79708445460303623  0.80774109795272320  0.81853410011106664  0.83030688204638226
  0.84161501312066411  0.85310160396944945  0.86447938616812947  0.87555097573149410
  0.88625000254672526  0.89655759786579547  0.90679174756240755  0.91689685489487982
  0.92696751779368525  0.93685460131077358  0.94735253561216248  0.95731598694727504
  0.96790700798837459  0.97798479688324391  0.98900326960231655  1.00000000000000000
 -0.00284908452308228  0.01040195356008689  0.02140722053647405  0.03167780167464839
  0.04202309370867368  0.05232611030019465  0.06238346441412963  0.07255576925374893
  0.08319412560044195  0.09411248441789809  0.10480077198426016  0.11507884844243380
  0.12524380304178265  0.13556007490453051  0.14589729650235347  0.15610585743807942
  0.16675930811407541  0.17752269557973241  0.18812171841614272  0.19832083114861346
  0.20764841206409532  0.21835077277195405  0.22901965881905015  0.23973176697675772
  0.25083337229971181  0.26242149919419849  0.27431012730258703  0.28606060936030020
  0.29720171476558011  0.30777670725106154  0.31860080739464192  0.32931422867813681
  0.33974858316634454  0.34986427170765128  0.36006345365165776  0.37038996783287242
  0.38042518156348265  0.39005489872934951  0.39999624385442906  0.41039699909631455
  0.42032350550523623  0.42984456470954835  0.44007267786060855  0.45175652557877616
  0.46356205044352339  0.47486330767671986  0.48571938340126591  0.49650280292733784
  0.50703518891979649  0.51753337516933273  0.52813213878899801  0.53899535340808125
  0.55011077460271107  0.56096089729691456  0.57114054653506463  0.58099619223889332
  0.59093731108842606  0.60103181697014962  0.61097917709476157  0.62082166302010078
  0.63075746106695652  0.64071025996952569  0.65071683343148501  0.66061341627197268
  0.67094842282511435  0.68138203692051080  0.69204064312662850  0.70255863064998625
  0.71341663165926261  0.72465758911861100  0.73519028164635103  0.74548486794708790
  0.75594656583971565  0.76685710863184775  0.77786159921996623  0.78836476116773946
  0.79864190942605784  0.80919352551666535  0.81959333610633767  0.83058435140375897
  0.84074216890584641  0.85086046268833249  0.86088880831021208  0.87113638250111980
  0.88123558771082100  0.89136876385289299  0.90162245903805005  0.91263086076019206
  0.92405043807163967  0.93633786032267863  0.94748373787366158  0.95855784886184547
  0.96921764686666823  0.97983910456704659  0.98988422098482609  1.00000000000000000
 -0.00257777439473490  0.00955406753596603  0.02063712252104165  0.03158566883565208
  0.04274554223207484  0.05392487014801971  0.06534272783998052  0.07687234832166946
  0.08834386757150228  0.09962677188862638  0.11060256831352627  0.12131804171970426
  0.13178718911149348  0.14202411735142395  0.15237129872656746  0.16301937807552505
  0.17395537290483420  0.18494708198319079  0.19576031817369891  0.20630979680726821
  0.21663028715055377  0.22687433893924880  0.23700237260510487  0.24713918220363171
  0.25768745316780517  0.26855443941495932  0.27948083718490097  0.29034144620684926
  0.30105475057467795  0.31154635855453328  0.32177386899518634  0.33180682226453895
  0.34155904472600501  0.35120490809670241  0.36110357421431266  0.37112038838831235
  0.38106926014808573  0.39096227858472049  0.40148865780907078  0.41239479476015295
  0.42311154307257648  0.43374101766049089  0.44443876393181975  0.45524900788177020
  0.46630609699354053  0.47741079284026910  0.48828144030687465  0.49889838360055788
  0.50941412736628744  0.52005232752196395  0.53093327418721714  0.54210600266461417
  0.55350206537499158  0.56479792594499267  0.57562073564619665  0.58599724348093651
  0.59623229027393043  0.60647153755851368  0.61686790923562951  0.62744689242940654
  0.63796599438195545  0.64832435982570957  0.65853535296373233  0.66894506496667505
  0.67963036932475052  0.69028306737997080  0.70061902722618385  0.71086038575645494
  0.72123543819024971  0.73156954288773757  0.74154722390692274  0.75114911022538922
  0.76054273660195026  0.77014523008912017  0.78020035610861249  0.79014964117071484
  0.80026326236109402  0.81003464230650291  0.82035405614678403  0.83107472126688808
  0.84155255299325626  0.85190211444931208  0.86244181379524876  0.87289559229837510
  0.88336772834532828  0.89371730270962757  0.90419006242673305  0.91400826631270327
  0.92486816544521011  0.93632544360720660  0.94704832474194822  0.95754376769741056
  0.96770397128486796  0.97845369747232658  0.98895845129045812  1.00000000000000000
 -0.00230609693224374  0.00883566463390263  0.01903940007202931  0.02936041494049042
  0.03990875289391930  0.04982812252226863  0.05938694008631543  0.06883353833466060
  0.07856727417740257  0.08837068658974140  0.09843740688396538  0.10862180564353803
  0.11970581090628829  0.13057074168843658  0.14095888026831235  0.15134873878643179
  0.16192490985907468  0.17217600518297049  0.18240769482453967  0.19300733058930522
  0.20376694999826156  0.21392584894206876  0.22360822640422096  0.23368518308673619
  0.24361533783507622  0.25330041525971703  0.26286782344768489  0.27282705403360963
  0.28333847056571482  0.29385639810880188  0.30423010316536403  0.31468030426124555
  0.32531859233499077  0.33581849254901580  0.34605628437499625  0.35627457492113623
  0.36641051032748478  0.37646221474730274  0.38643621837684161  0.39632882006118175
  0.40627916756159549  0.41635701943845344  0.42624298055122511  0.43608963266243694
  0.44611237644170182  0.45652696569953299  0.46765662363551291  0.47883296629200739
  0.48984371336474147  0.50060967974971282  0.51114210021439854  0.52169120589721785
  0.53263384896574939  0.54395843887413553  0.55553682918262526  0.56703694079204259
  0.57836420481896567  0.58968148003481802  0.60104158787527817  0.61250967848001303
  0.62395445705137587  0.63527942820262984  0.64650081619759314  0.65760173575163294
  0.66870384658546345  0.67983615973781941  0.69111081647940154  0.70239958692979643
  0.71366798607694137  0.72494981362593924  0.73622078964415261  0.74724422740965735
  0.75814421403313303  0.76884869879069029  0.77932145177507717  0.78995781922134234
  0.80058664221000997  0.81120372089933768  0.82175411210623051  0.83203280790621792
  0.84211363595043665  0.85209736158872973  0.86222114908538194  0.87257027678663235
  0.88315178703574548  0.89402243429540729  0.90498736072249175  0.91593469106017134
  0.92669075812265189  0.93746912269616856  0.94818359946308284  0.95882048635428263
  0.96923840286322338  0.97955223754674237  0.98993817849823307  1.00000000000000000
 -0.00222958849177804  0.00913387634796238  0.01876709459991352  0.02882556554269734
  0.03858156898097776  0.04848585449566451  0.05857254073815619  0.06868479954214401
  0.07885115194052490  0.08941482889528918  0.10056460940917264  0.11172543978263516
  0.12233188912613052  0.13284194167080493  0.14329136225427164  0.15387397029900166
  0.16460516768488007  0.17497681690654815  0.18491806020154730  0.19569777153750326
  0.20655976825091446  0.21724767238079981  0.22766409608290031  0.23773191868361485
  0.24764418207524744  0.25745909978752518  0.26712968909396168  0.27671733767794182
  0.28673004759755011  0.29707460546584596  0.30752636169575770  0.31775565164041991
  0.32786886223688383  0.33791713177720711  0.34797135950762254  0.35793643023638327
  0.36788401561521017  0.37804211692957268  0.38843085903105251  0.39877733716545516
  0.40886920705931812  0.41902654606891576  0.42944851091149161  0.43980094015699078
  0.45006104539649350  0.46047333641306792  0.47125844000180667  0.48242030583649248
  0.49364388689000782  0.50460876511314279  0.51520053621841377  0.52576557958355363
  0.53663309785525115  0.54775360497760450  0.55884995654983571  0.56964162016340247
  0.58020526307337106  0.59076880831067957  0.60133460033879571  0.61181788805497805
  0.62222982511474378  0.63286995713850025  0.64378214503780262  0.65487884108740946
  0.66630032910783821  0.67808407761067080  0.68989573622960843  0.70139005205304006
  0.71252759330542204  0.72295368586838105  0.73328214537606429  0.74353669943415734
  0.75393436848562179  0.76448897339649957  0.77522472978883195  0.78624489548085175
  0.79725862800979475  0.80819656237007031  0.81938297449856745  0.83042108341181198
  0.84164887902740715  0.85311356047295295  0.86365626463614664  0.87450741633404050
  0.88443901364154254  0.89521189816019642  0.90538393165168951  0.91589777493844859
  0.92615510496873443  0.93633729823029010  0.94661325458177226  0.95674346933380872
  0.96714959146402801  0.97807192669258525  0.98880831657044177  1.00000000000000000
 -0.04334361931855250  0.24471777674963899  0.32114039957755941  0.36843890251132022
  0.40376321196333775  0.43214579251468999  0.45646662343262839  0.47764957653742063
  0.49632240232999353  0.51309708968799661  0.52851265487865129  0.54282839896293922
  0.55640017365634198  0.56922472433745097  0.58118966855273468  0.59233827284930674
  0.60284403387532881  0.61280549253085337  0.62233785290012233  0.63154977413860458
  0.64042212284590161  0.64872849133185040  0.65646595879493219  0.66392628045740010
  0.67112723139166119  0.67819804451328269  0.68515561829504368  0.69178842184718925
  0.69843312170466454  0.70468395415791829  0.71093126209738811  0.71694651660797148
  0.72303462609727276  0.72908457988527808  0.73502197975933448  0.74064860686291401
  0.74642701972794390  0.75184703466064373  0.75710738377866615  0.76218921687580010
  0.76721409073785374  0.77230489180852580  0.77739904505432789  0.78252631552567375
  0.78758520139538390  0.79241390464886574  0.79711056893476095  0.80181950110769029
  0.80653927888285393  0.81117504773920301  0.81569674695192851  0.82017067071670624
  0.82453098522966384  0.82873403926359746  0.83286149169410817  0.83697672443877791
  0.84116857518962784  0.84543274042204186  0.84976477853708532  0.85406123367071740
  0.85818775447412676  0.86220668492604091  0.86617552723768076  0.87004921040165006
  0.87380114486260152  0.87759473803212396  0.88149102718733685  0.88539706393918871
  0.88935077236803328  0.89330916463163212  0.89719890907715483  0.90094956363840728
  0.90458699554462663  0.90818220433475649  0.91172686621168886  0.91525635025061702
  0.91879686193719878  0.92236817318461695  0.92582069455274374  0.92929039688280379
  0.93284616465988479  0.93645516403259077  0.94023711661477460  0.94404709452513680
  0.94779955734467769  0.95150274319241712  0.95517758688816934  0.95897483311109410
  0.96286370060789150  0.96674564525034568  0.97068104352010098  0.97475671676367837
  0.97908103336475694  0.98413940314653769  0.99073299493659339  1.00000000000000000
 -0.00223957497756786  0.00849562208277564  0.01961283748906648  0.03077338623713793
  0.04211613078858321  0.05338626866204968  0.06436396864686031  0.07523421314948492
  0.08626713983586869  0.09745090561050604  0.10849608863952186  0.11951786685591637
  0.13074965198164143  0.14219208784231327  0.15319858784567580  0.16350383948351646
  0.17360867093093041  0.18374177862905716  0.19419479357152328  0.20491590925596753
  0.21537813817084869  0.22561633720392560  0.23588708076915621  0.24619603341245641
  0.25631552553415882  0.26640342939221445  0.27682384334022492  0.28747065921597020
  0.29813420038493044  0.30906481182250112  0.32027170852940351  0.33133887791564987
  0.34202088804177394  0.35248745211591853  0.36288563610786856  0.37328457614895288
  0.38362502358842909  0.39397399696742164  0.40459351509333646  0.41572441644499192
  0.42735845798662564  0.43908178129849346  0.45055585059300729  0.46154011568920594
  0.47219013164149626  0.48294206544312474  0.49355809304467363  0.50363425085196722
  0.51316455773986980  0.52248815665887660  0.53195711914950650  0.54145972305940115
  0.55077527450792996  0.55998018586832932  0.57001272279109882  0.58014938120237514
  0.59030806909404165  0.60047056301659429  0.61114059323722281  0.62195994345235717
  0.63231441585730552  0.64233821038957895  0.65280120777573780  0.66419491635046723
  0.67486712301309459  0.68560007744327478  0.69644128084814150  0.70736445602610132
  0.71814638307345569  0.72877185605921990  0.73884914936809587  0.74898492808037498
  0.75900155600604979  0.76906637954915558  0.77906369160150013  0.78942578959805765
  0.80098202440803745  0.81190718489922531  0.82185767640485230  0.83148856516910008
  0.84119715386208993  0.85101800639697500  0.86106800753368196  0.87078821763618797
  0.88091802194115965  0.89181439981973232  0.90284269767778658  0.91365380683951758
  0.92424965512576429  0.93475419933048454  0.94558558849650154  0.95668467533165302
  0.96798885425015124  0.97897985103746810  0.98950870762099308  1.00000000000000000
  0.53761561040326111  0.54353603428168673  0.54994016699496262  0.55604517178694113
  0.56166758155310159  0.56736794999520390  0.57325468381888900  0.57907061485992239
  0.58456205335164202  0.59034791881850757  0.59589329091817733  0.60125439991484186
  0.60648019375810414  0.61145564046696810  0.61661168926914345  0.62182339065791170
  0.62682726673131783  0.63164829412812817  0.63633914233999311  0.64093507577757780
  0.64550244158384829  0.65009850456550700  0.65469625667523701  0.65921195282096845
  0.66359645120085242  0.66782977272149291  0.67191996161359668  0.67594820234168629
  0.67996475485241814  0.68397621520096064  0.68789211240482828  0.69172074997128496
  0.69553764483654446  0.69928721103958902  0.70297195282508596  0.70660445541762729
  0.71026959977532766  0.71393048948268167  0.71759993061552352  0.72116690975216657
  0.72460480764357627  0.72804408857698133  0.73153197839192974  0.73520406802764815
  0.73894647005513203  0.74255995729092994  0.74606820512728844  0.74947923600394062
  0.75291954906892045  0.75632795159603272  0.75976285316175907  0.76318097433132015
  0.76662446035526821  0.77007671104800723  0.77355869620809781  0.77703450458946721
  0.78055115351461302  0.78408283933446488  0.78765748316434936  0.79124659568876965
  0.79476752987397636  0.79822471273490103  0.80171526132379145  0.80530107397906259
  0.80892245071054725  0.81253327397588671  0.81618729659430300  0.81991659562360453
  0.82371773079220512  0.82763077473316693  0.83164462271441064  0.83570696635314645
  0.83980155477330931  0.84383182070722340  0.84791414487548000  0.85195784512761097
  0.85612548851598103  0.86032375335663380  0.86454539771347327  0.86886303388465824
  0.87329863939035324  0.87799960538093158  0.88284139405256989  0.88770638214298736
  0.89254575619262422  0.89749801746002589  0.90260935242267004  0.90806780346727189
  0.91379684204866718  0.91998935399420867  0.92681598650399988  0.93429486999390876
  0.94280564637067521  0.95297311854274225  0.96879730031329614  1.00000000000000000
 -0.02206551002289258  0.10076064402551324  0.14089898751046620  0.16826799479720916
  0.18923870439198814  0.20700701817329781  0.22300441079752101  0.23791635062193719
  0.25150299963872763  0.26360338274824330  0.27467580725082141  0.28487658299167690
  0.29445542061781615  0.30358660992329040  0.31245013630124630  0.32099873240098564
  0.32918503296860652  0.33688128153788222  0.34434406855022420  0.35160332834500918
  0.35823882554866859  0.36469201406510637  0.37103889017753994  0.37717833919593580
  0.38307827317075593  0.38878641522167789  0.39440966610200034  0.39955836310862192
  0.40478796365491476  0.41017517742759158  0.41542206695955036  0.42055549531290648
  0.42560762527924445  0.43072738957644152  0.43576223627437277  0.44052295556722965
  0.44509184134786162  0.44956140951532980  0.45396812797426483  0.45835551072334596
  0.46287197918704709  0.46745374404641721  0.47205157387076074  0.47666287301620308
  0.48120425429107466  0.48575463099811678  0.49024767471193320  0.49452414595021937
  0.49880001396618445  0.50325089096555953  0.50782397741460239  0.51242563377176598
  0.51700357715269918  0.52160174186975361  0.52627608356105848  0.53100695865357472
  0.53569875964198566  0.54042520787685655  0.54536384158192053  0.55036727506338279
  0.55553193187668493  0.56059100423071806  0.56568332787266762  0.57083091091462701
  0.57608118036055944  0.58139776164775969  0.58664357798451161  0.59188755239809510
  0.59724112314436917  0.60260146412711280  0.60797043752041557  0.61339251834299602
  0.61894244125583453  0.62467887479184936  0.63052742303687215  0.63643642329811168
  0.64236402358887279  0.64836854093432061  0.65456337488733984  0.66091662081147284
  0.66753178554511994  0.67452395986766700  0.68169120819073736  0.68916054335500165
  0.69713457227475029  0.70569794596757929  0.71480422047933889  0.72443500245695380
  0.73495138440308316  0.74678027916513134  0.76007226048678111  0.77571006228381456
  0.79489548540189559  0.81933369950840396  0.85855843906717633  1.00000000000000000
   4.4148480088442619E-018  -1.0000000000000000     
 T T F F F F T T T T F F F F T T T T T T T T T T T T T T T T T T T T T T T T T T T T T F T F T T T T F F F F T T T T F F F F T T T T F F F F T T T T F F F F T T T T T T T T T T T T T T T T T T T T F T F T T T T T T T T T T T T T F F F F T T T T F F F F T T T T F F F F T T T T F F F F T T T T T T T T T T T T T T T T T T T T T T T T T T T T T F T F T T T T F F F F T T T T F F F F T T T T F F F F T T T T F F F F T T T T T T T T T T T T T T T T T T T T F T F T T T T T T T T T T T T T F F F F T T T T F F F F T T
  <DiscreteSampler_grid>
  grouped_processes
  1 # 1 for a reference and 2 for a running grid.
  10 # Attribute 'min_bin_probing_points' of the grid.
  1 # Attribute 'grid_mode' of the grid. 1=='default',2=='initialization'
  0.0000000000000000 # Attribute 'small_contrib_threshold' of the grid.
  0.5000000000000000 # Attribute 'damping_power' of the grid.
 # binID   n_entries weight   weight_sqr   abs_weight
    13   10   5.235147514940659E+000   1.003112909658378E+002   5.235147514940659E+000
    14   10   5.235147514940655E+000   1.003112909658377E+002   5.235147514940655E+000
    16   10   5.235148158157569E+000   1.003112935061875E+002   5.235148158157569E+000
    17   10   5.235148158157564E+000   1.003112935061874E+002   5.235148158157564E+000
  </DiscreteSampler_grid>
