 -0.00000000000000820  0.00000000000073299  0.00000000000339076  0.00000000000813950
  0.00000000001482148  0.00000000002332195  0.00000000003355318  0.00000000004521683
  0.00000000005816346  0.00000000007254386  0.00000000008766608  0.00000000010389334
  0.00000000012079238  0.00000000013959802  0.00000000015882661  0.00000000017807226
  0.00000000019892508  0.00000000022063799  0.00000000024203659  0.00000000026423090
  0.00000000028834267  0.00000000031334042  0.00000000033823796  0.00000000036337830
  0.00000000038938744  0.00000000041691427  0.00000000044538791  0.00000000047346088
  0.00000000050144641  0.00000000052994681  0.00000000055854919  0.00000000058883224
  0.00000000061877774  0.00000000064878244  0.00000000067928188  0.00000000071006236
  0.00000000074120149  0.00000000077194449  0.00000000080279628  0.00000000083506212
  0.00000000086888956  0.00000000090322958  0.00000000093767895  0.00000000097316629
  0.00000000100978626  0.00000000104805392  0.00000000108691477  0.00000000112611088
  0.00000000116395224  0.00000000120463518  0.00000000124730482  0.00000000129144606
  0.00000000133717778  0.00000000138401868  0.00000000143097952  0.00000000147774247
  0.00000000152471285  0.00000000157161156  0.00000000161898477  0.00000000166720807
  0.00000000171764016  0.00000000177544777  0.00000000183560665  0.00000000189720839
  0.00000000195759643  0.00000000201732669  0.00000000207754741  0.00000000213926982
  0.00000000220250141  0.00000000226783601  0.00000000233426218  0.00000000240200824
  0.00000000246986024  0.00000000254127202  0.00000000262059120  0.00000000270257845
  0.00000000279244257  0.00000000288290098  0.00000000297361198  0.00000000306642564
  0.00000000316189250  0.00000000325841568  0.00000000335686929  0.00000000346397480
  0.00000000357347278  0.00000000367925863  0.00000000382602617  0.00000000399534659
  0.00000000417298214  0.00000000436495771  0.00000000458073571  0.00000000482581665
  0.00000000512963819  0.00000000560350822  0.00000000602919085  1.00000000000000000
  0.01002654750823122  0.01413307579736012  0.02239352191319270  0.03227717840902603
  0.04291653373296802  0.05386168794303361  0.06532159427698007  0.07716709158182135
  0.08903153672292254  0.10050384216841517  0.11149371925354483  0.12215046804732442
  0.13297124884749020  0.14395420985436777  0.15511075042818889  0.16664459318133731
  0.17864069220466483  0.19040433743753077  0.20167231042375891  0.21304629738457709
  0.22375463189570874  0.23431192161039852  0.24478559260948951  0.25538804207522559
  0.26612535919042229  0.27708777472113472  0.28865346664766761  0.29935937470625468
  0.30999748958775025  0.31985912121229071  0.32965494170322807  0.33925864524210125
  0.34845312953890029  0.35773723069788244  0.36736755784948871  0.37761171873592958
  0.38850882436435696  0.39964299228984584  0.41070075644336801  0.42226174182096915
  0.43422554464096014  0.44595295761689790  0.45765173069951109  0.46924211566691137
  0.48041438951220716  0.49154421659901087  0.50281445230359467  0.51434716007528236
  0.52530803454287356  0.53594575038805037  0.54673069598360047  0.55740151759953471
  0.56800687664720773  0.57793626521487351  0.58806089964047814  0.59834008662305871
  0.60809053354860676  0.61743879333806895  0.62664957600466442  0.63638680496880640
  0.64649559575153692  0.65685257085028215  0.66703478441993713  0.67784106806142197
  0.68847094521820029  0.69866589801626267  0.70849783990076265  0.71901005368679971
  0.72996842371625803  0.74146960457462741  0.75223000824956199  0.76259605507728367
  0.77252480171285942  0.78243751285052054  0.79261292701585406  0.80299023672774783
  0.81333138739740185  0.82370043279909488  0.83384567381033037  0.84311277571319410
  0.85227432980221973  0.86181628780635022  0.87137180230146272  0.88078706684304475
  0.88997994601514741  0.89923202295331917  0.90829528739830623  0.91744359501677297
  0.92655709925255503  0.93566312186511935  0.94494028893749737  0.95458487328679964
  0.96451341405516289  0.97576464077764646  0.98726065288873455  1.00000000000000000
  0.00927886621400133  0.01643529039380744  0.02656431711826049  0.03785841788766681
  0.04860467896511666  0.05871632260903373  0.06861048191516121  0.07811654862774257
  0.08779794441572442  0.09752234412644123  0.10773366263040846  0.11857577339926745
  0.12945172443529745  0.14020634920464900  0.15145799230954543  0.16300861481420564
  0.17438653254157344  0.18541699533705858  0.19594000214177562  0.20632550548766762
  0.21643609130214345  0.22673569348824374  0.23730184810776836  0.24832512962587322
  0.25959954376902544  0.27073254363750737  0.28147935447299605  0.29200273800564064
  0.30219470707346457  0.31252192095905990  0.32338995701072198  0.33453406300539373
  0.34539156412762967  0.35633869456747291  0.36718824616492785  0.37820647679730562
  0.38859673102022502  0.39852459266443446  0.40861069032652514  0.41896636302463364
  0.42938386462495187  0.43955853014194540  0.44917387064281172  0.45902236882213615
  0.46923786176488796  0.47945205856375639  0.48987910618781910  0.50025309675722174
  0.51105014526762882  0.52200165458940495  0.53297575248840334  0.54375538324452943
  0.55394734888330166  0.56403462466351351  0.57396033291022341  0.58377334895448896
  0.59317983417124331  0.60249187216053890  0.61233929292598810  0.62273793003775013
  0.63327260706905708  0.64403412368251034  0.65504521251881542  0.66567621224062834
  0.67586802215711317  0.68588749823798767  0.69618474908889372  0.70659542841845346
  0.71709994344531791  0.72769804047356323  0.73816531387600781  0.74852853219375004
  0.75890892839727075  0.76922954248507291  0.77959872428646615  0.79000126756590539
  0.80042450289718825  0.81065151443665540  0.82049009838632292  0.83037722656418100
  0.84060303730081609  0.85078194757345915  0.86070520983395116  0.87087416332579137
  0.88178267589133519  0.89286421825508167  0.90347045850715224  0.91380313811251279
  0.92447927525550722  0.93508963392108724  0.94556999193614766  0.95580202393456282
  0.96618925176093584  0.97686018183200429  0.98792115614298437  1.00000000000000000
  0.00003948137156170  0.00004034054448203  0.00004102484223551  0.00004186472882089
  0.00004297600884410  0.00004417844922845  0.00004534628891068  0.00004652200017346
  0.00004774461393359  0.00004901293229181  0.00005026878324159  0.00005150330266631
  0.00005271877153038  0.00005391139978031  0.00005509719679105  0.00005630310592812
  0.00005751096130781  0.00005876618380101  0.00006003310427557  0.00006130335664290
  0.00006259063367899  0.00006388770028107  0.00006524549028860  0.00006669558705028
  0.00006818391139874  0.00006967314359704  0.00007120032687422  0.00007273157172428
  0.00007427969790918  0.00007588522610922  0.00007761905758270  0.00007941964002672
  0.00008121965724401  0.00008301546490810  0.00008483168207920  0.00008667308491847
  0.00008867689873525  0.00009091924207962  0.00009319334335046  0.00009550356858295
  0.00009784091231152  0.00010023172932873  0.00010278375767500  0.00010560695402764
  0.00010855079798807  0.00011150292784565  0.00011461686667457  0.00011766959312198
  0.00012123550984030  0.00012492090102852  0.00012871998645863  0.00013265769832793
  0.00013674220161158  0.00014139993888120  0.00014622575284534  0.00015111346581622
  0.00015609442920737  0.00016113698261919  0.00016701415872249  0.00017310780875294
  0.00017949744091322  0.00018637986017117  0.00019398356578782  0.00020238236103269
  0.00021098157409043  0.00022095748384291  0.00023282941193328  0.00024554431572812
  0.00025945714307551  0.00027383215752799  0.00028835365078892  0.00030349654571181
  0.00031981419657013  0.00033743018842665  0.00035702927481952  0.00037769627034607
  0.00039996085149776  0.00042751425931754  0.00046037876568758  0.00050105759586097
  0.00054566166141318  0.00059139157338230  0.00064098417424507  0.00069758739498887
  0.00076228051016980  0.00083369475302381  0.00092693081619866  0.00107481204780987
  0.00125075231336805  0.00150485453162420  0.00177420326416513  0.00224125144183223
  0.00278781910844370  0.00391667522184837  0.40218072425478141  1.00000000000000000
 -0.00218613379045408  0.00904632854790952  0.01925906510197645  0.02961146672960304
  0.03976361083214779  0.05038993633642307  0.06124629493739008  0.07184640875547296
  0.08213665940203453  0.09263523257350803  0.10297699721054163  0.11316071162122708
  0.12329187100410503  0.13353312571316991  0.14360059790475926  0.15395990523162961
  0.16461850468765646  0.17521135088175363  0.18549650809978499  0.19548556427239583
  0.20559237483594250  0.21590353944860521  0.22631881955633185  0.23728946930385666
  0.24869908112846226  0.26049822577784298  0.27228350337674301  0.28297155949508118
  0.29331423487108205  0.30381856671987206  0.31464319204624697  0.32548982266873744
  0.33612826331881546  0.34705050693020717  0.35846056947936400  0.37037281366079744
  0.38125076564387028  0.39177851411641940  0.40229136198866583  0.41296408453603139
  0.42306879104256412  0.43301629315701334  0.44313604261463324  0.45367380220145576
  0.46426360380315312  0.47478499989709005  0.48474719635388958  0.49495450522822604
  0.50561401242757020  0.51698412495816959  0.52757636772425642  0.53764364745131743
  0.54744827881597358  0.55736758907456951  0.56754464137307847  0.57776133545326314
  0.58807022711051049  0.59819059475991065  0.60810098904342569  0.61783605586598589
  0.62787679293316134  0.63827896284495167  0.64878669968407421  0.65947064671592948
  0.67029501136257041  0.68115320474499697  0.69157025103684466  0.70179233157043253
  0.71213493149419793  0.72267088546393032  0.73301915088172653  0.74340357244938582
  0.75414206151534480  0.76559959472415573  0.77718835947078668  0.78840563030964939
  0.79902426233672430  0.80929658841389862  0.81957758186662377  0.82998806822706817
  0.84083457614206747  0.85163189649430071  0.86241274988439576  0.87306544550227727
  0.88323378010175924  0.89306452870942432  0.90305194372343400  0.91294815684881614
  0.92281889617684099  0.93256238081691833  0.94267301426197236  0.95401489034319265
  0.96533348333426561  0.97708470079820475  0.98857792762147423  1.00000000000000000
 -0.00215606902214079  0.00972053123854304  0.01915006841136616  0.02929467437624228
  0.03979556157204339  0.05048435239490302  0.06091834017961595  0.07085681325877100
  0.08057468951412365  0.09047918153557105  0.10022301284875097  0.10980589260448123
  0.11931546496422149  0.12895434147883469  0.13878237715640229  0.14844554916489811
  0.15782064967207124  0.16729210720154541  0.17706570446809899  0.18718581483684055
  0.19778457719572184  0.20878266639465975  0.22006574976032567  0.23138266283883568
  0.24221182355671486  0.25248047320436157  0.26253003651128409  0.27245685175166234
  0.28241212859461384  0.29260849510707182  0.30323686087584284  0.31420491277189994
  0.32494680020229760  0.33539376913553959  0.34586030048052563  0.35667027777989352
  0.36767862347840735  0.37835214904560216  0.38874421598696768  0.39922839229431539
  0.40996399421267726  0.42107873873461282  0.43237518196908498  0.44400438372134909
  0.45580680820237846  0.46680361031420542  0.47708231111459348  0.48713931866608107
  0.49724323714011487  0.50694763821366029  0.51613218821631768  0.52601620665124293
  0.53754374999029608  0.54975289384246540  0.56202182681915736  0.57410619134647611
  0.58605802282259645  0.59651353851994104  0.60767541477383913  0.61910044321200663
  0.63020346772974467  0.64140015137293949  0.65326471502235051  0.66512921127122648
  0.67640940251326975  0.68748917994470549  0.69890757967287709  0.71059302099341326
  0.72219633964400332  0.73351145419122554  0.74458815868676087  0.75540684251187706
  0.76588420592529416  0.77610549545313090  0.78607714992841016  0.79607568794986616
  0.80600196751043496  0.81585512404497107  0.82527003644772912  0.83464542854217927
  0.84403437853069829  0.85353330752268053  0.86316827973426924  0.87307985845886216
  0.88326761559986677  0.89365468918409385  0.90437050716947087  0.91551079573614502
  0.92735386505305761  0.93939401537559708  0.95062906555857229  0.96110346206014474
  0.97058147956961793  0.98058812282749808  0.99017452387790983  1.00000000000000000
 -0.00191484483990478  0.00904524908634767  0.01836696103668117  0.02812164072716425
  0.03803613876741277  0.04783472346087470  0.05779324275093749  0.06782901957097411
  0.07781603865668281  0.08821655360833208  0.09887707722792001  0.10985631011504846
  0.12096469864845649  0.13239110628010628  0.14449114788828785  0.15619590233726621
  0.16681843523116754  0.17856568172737153  0.18920078128146983  0.19970766820335251
  0.20965795541844981  0.21903466848225545  0.22871777806886542  0.23818796797598943
  0.24747736855712452  0.25680115339814802  0.26645866178624472  0.27671660788710678
  0.28740423463935555  0.29749526923364977  0.30747354858574777  0.31760949405931110
  0.32764950481931077  0.33768450264000699  0.34787320098002500  0.35895362679997905
  0.37119062423385268  0.38338596214427251  0.39525369944377742  0.40662720415139619
  0.41778169062294540  0.42904447805956503  0.44010775486355869  0.45081897507176127
  0.46144344209057919  0.47214984602423377  0.48283822457931974  0.49318951461335131
  0.50389218755361276  0.51453301379646721  0.52536634467027832  0.53667773108839123
  0.54776000005651782  0.55858374193880578  0.56951936634442657  0.58095964220460172
  0.59222906847198153  0.60370871239439095  0.61493613654774515  0.62611251576859783
  0.63577640648810319  0.64554025295264950  0.65548113721714341  0.66609085555467995
  0.67592046373668380  0.68583987814532499  0.69561558610423191  0.70565211099674119
  0.71526875225897524  0.72464216974815221  0.73380116050201494  0.74289503230968124
  0.75200729837891500  0.76140926618997395  0.77131832928749111  0.78196016375176358
  0.79319637750829819  0.80492607740260169  0.81650474191717437  0.82732111614401715
  0.83813867870593806  0.84881321970275248  0.85958641222440335  0.86994825423625277
  0.87986579120997610  0.88939112500261042  0.89944043051753553  0.91008464707231962
  0.92103805864548127  0.93249924752735247  0.94466731982875529  0.95698454699794466
  0.96795157269122722  0.97870416733305288  0.98911204326598434  1.00000000000000000
 -0.00233697648206026  0.00868521210034778  0.01817270661295503  0.02840232947808165
  0.03835540089241869  0.04871259591801107  0.05976203491701473  0.07085080747360156
  0.08177529997167915  0.09242505449349588  0.10301686325328972  0.11327145824935542
  0.12353350161589560  0.13408113510408798  0.14507256834017052  0.15576678194686136
  0.16665636619916241  0.17770231849335058  0.18908642207748308  0.20009609005390708
  0.21065276687243462  0.22190245362934582  0.23284144183065011  0.24381432004769560
  0.25472165355377818  0.26525444913643870  0.27544625707914994  0.28529367925598187
  0.29577103109348435  0.30690707120713007  0.31829206525309756  0.32938536813676828
  0.33997985383978313  0.35035543389852380  0.36047663967809468  0.37080414043432458
  0.38139418375983952  0.39259973741365706  0.40408084524679760  0.41589405028092785
  0.42731927097859634  0.43831220642055579  0.44784845799595446  0.45724555901745989
  0.46665390503689325  0.47617213070989162  0.48591410991360484  0.49602949692395842
  0.50683714817765968  0.51820107925184067  0.52888455890296804  0.53920389774934763
  0.54941877844122000  0.55976554080653840  0.57037945134529899  0.58090795623793623
  0.59114642970985776  0.60144993737748864  0.61209763047333332  0.62281765380640575
  0.63298291412836394  0.64297647843955752  0.65399941028826147  0.66550536496446444
  0.67671061354600215  0.68745163901106920  0.69834587832914397  0.70930191969262757
  0.72032667419690322  0.73073130836474887  0.74073383951094085  0.75041817211741135
  0.76001137680848274  0.76957974483915748  0.77956993568169652  0.78978893387142901
  0.80021428049792653  0.81089815814425370  0.82187715966647712  0.83302675638112267
  0.84232927320049145  0.85168765256214107  0.86092185925402687  0.87015876156298988
  0.87902869304462250  0.88796696847927770  0.89751309126391743  0.90794455675659380
  0.91830863806085494  0.92917949086435514  0.94077358553387858  0.95323042834372218
  0.96543683547134618  0.97710427879559136  0.98866876323000552  1.00000000000000000
 -0.00298770245924161  0.00991499956968524  0.02174349363653142  0.03416603689173026
  0.04629262995734245  0.05801627814601271  0.06940592927184168  0.08047976803002593
  0.09101560055519212  0.10098408136743472  0.11096061886277964  0.12102546044131272
  0.13122391156157007  0.14126757358366179  0.15127906451733683  0.16095907794340375
  0.17103017028053122  0.18124488774008574  0.19155115598647443  0.20175297458400751
  0.21174296546493981  0.22157386285553135  0.23168418360513535  0.24231149774410210
  0.25297908484941939  0.26360000429856972  0.27456831069700621  0.28576732037088093
  0.29641366205787945  0.30683173144207659  0.31803722097467452  0.32984622956813897
  0.34183993529717976  0.35387590825660065  0.36570131452086119  0.37664937369033691
  0.38675394441724686  0.39688734996081426  0.40727717210646097  0.41772976671368295
  0.42800781640290142  0.43820886287180855  0.44841143603380001  0.45836834801825205
  0.46835495239088687  0.47831505011095521  0.48871184934626433  0.49966556922137156
  0.51160933211931969  0.52332549615651835  0.53475167821600267  0.54578603840935724
  0.55689722628543936  0.56770117011566723  0.57794601713346527  0.58803583780702784
  0.59771509180225857  0.60804138749037062  0.61885295871190416  0.62980642725093894
  0.64024077867576834  0.65039005835434027  0.66023916867252219  0.67001641005731283
  0.67959437652170296  0.68916031856072346  0.69906049888744148  0.70888689261073756
  0.71872934326247084  0.72794747293400164  0.73825188797996044  0.74792006602702898
  0.75804398880274215  0.76817485262198970  0.77866893486464617  0.78905227450297566
  0.79992841945924087  0.81113738599773533  0.82204255549574778  0.83206317937605856
  0.84268490696027465  0.85356593185216523  0.86473751259283937  0.87543391095506684
  0.88600104799212043  0.89695139795021395  0.90778151768907500  0.91882046292313202
  0.92940938797978234  0.94013720077934426  0.95046260937283034  0.96064972745307586
  0.97033359163599275  0.98052595745941151  0.99019821077982195  1.00000000000000000
 -0.00283701974506398  0.00961513695507216  0.02069410113229862  0.03217085606072022
  0.04312361572448263  0.05356337136788961  0.06385839039894815  0.07382798266006477
  0.08387599214144022  0.09346187437263957  0.10304259922658268  0.11281686011173001
  0.12290341593725232  0.13323799896485203  0.14414996975539845  0.15508101904920343
  0.16621847702738854  0.17736363405248665  0.18875496547909038  0.19984740234613849
  0.21064301623746293  0.22089426733790923  0.23153758987401415  0.24249913183949987
  0.25344449595013280  0.26388799132517549  0.27471319327522853  0.28613631809678258
  0.29695432559692997  0.30718058749990251  0.31742456707800221  0.32803413285343475
  0.33862357465474879  0.34956691733540363  0.36084190136682376  0.37199385790424350
  0.38293147688186058  0.39372697773155496  0.40404864315498645  0.41488664457956975
  0.42548013722088385  0.43600884730089839  0.44541413469798607  0.45446413522117107
  0.46373388209346772  0.47333965884682611  0.48383565891424868  0.49458298738874956
  0.50634853359964582  0.51868673126304865  0.53056695175183333  0.54223974609299574
  0.55343213887547360  0.56404671706875953  0.57445455515355304  0.58473861964314444
  0.59505664154358184  0.60520852097383049  0.61522675325309273  0.62539064089574903
  0.63558628035545739  0.64542701243975220  0.65482674600824486  0.66424774784343599
  0.67442877767838327  0.68470354964459124  0.69480217010823797  0.70468220422555006
  0.71536767986637573  0.72662661592311961  0.73676701833103631  0.74647896902048638
  0.75598643207267002  0.76541808554996305  0.77490527556027855  0.78406196111885051
  0.79314430579267048  0.80269270819245020  0.81234804185010201  0.82284588419904925
  0.83324967234893588  0.84367101998011351  0.85451615132116365  0.86587878116330597
  0.87793196700704002  0.89000805098795122  0.90178263008233983  0.91246736719390764
  0.92291102865636954  0.93315267035490945  0.94348909800237135  0.95424671059341326
  0.96575681073799113  0.97738550715404582  0.98876620617815325  1.00000000000000000
 -0.00215517659469045  0.00976212412810480  0.01999858441981149  0.03048075079351768
  0.04044808710739376  0.05026199486632600  0.06020163487086355  0.07098139865593397
  0.08161954384626952  0.09279444324675355  0.10412048289240491  0.11562759850986226
  0.12670211564929684  0.13721388037775084  0.14723215436044024  0.15680417022347118
  0.16662307908160193  0.17653818301207302  0.18646328015376398  0.19636988224628737
  0.20626876538358813  0.21702948014408782  0.22822062479350741  0.23887841463065981
  0.24923364566709053  0.25913751952817610  0.26911177568669387  0.27928132961924107
  0.28947464490756569  0.30008610000403385  0.31075677601469248  0.32223376102402784
  0.33395741383089705  0.34513400365127284  0.35581909750150414  0.36611806225464416
  0.37647475500315514  0.38788288748678873  0.39961017719967157  0.41123154145011803
  0.42202760339676204  0.43252875381662403  0.44338081878119706  0.45392008748131629
  0.46462880064810158  0.47532159755087389  0.48614321816336065  0.49689528539029965
  0.50774536134478754  0.51874665250982999  0.52990552817918779  0.54088487082093550
  0.55123075332812799  0.56111737706357723  0.57093585435637983  0.58076891864825964
  0.59106557307944474  0.60110809438955959  0.61198520407476997  0.62293536963833041
  0.63396612257873730  0.64524835970960626  0.65673158413770016  0.66824673825244918
  0.67955992516280150  0.68996030639748374  0.69970551133451930  0.70964541015244254
  0.71956080058086369  0.72914041774067917  0.73843939574012873  0.74716504841700271
  0.75693004057442359  0.76699893739295499  0.77751636614915198  0.78744030699985412
  0.79785037300456785  0.80828455201088778  0.81952147322412061  0.83077631036553234
  0.84159633365217246  0.85249626049945193  0.86327574067619084  0.87377247257314572
  0.88422133794383972  0.89479647110567084  0.90541356495616498  0.91607383979842760
  0.92571316735793518  0.93554641007633477  0.94537891594589918  0.95558615365074917
  0.96565380291574987  0.97593632422900634  0.98716589544973077  1.00000000000000000
  0.76617520140578232  0.76737868021036881  0.76859806480340076  0.76978272752259114
  0.77101460732627014  0.77327383948191719  0.77542815318018532  0.77748699864230486
  0.77936524770139803  0.78127288664355554  0.78319142122032159  0.78525890857021807
  0.78737642048514622  0.78950253301297935  0.79157181124724285  0.79364825462655553
  0.79572431220829765  0.79774220261408180  0.79976127396423624  0.80175548264311391
  0.80378645133160465  0.80580721216801221  0.80789205635697026  0.81002941739602485
  0.81222119962985395  0.81437182049468704  0.81647456245071270  0.81849006944952485
  0.82053411260928399  0.82262661192457653  0.82479736829989336  0.82692869382373302
  0.82904380211358442  0.83109098858891794  0.83317377930861014  0.83524498552242854
  0.83739577348795236  0.83959127229743813  0.84173194813892582  0.84385685661282561
  0.84587109549879003  0.84792523144778420  0.84996711988462215  0.85205516401704684
  0.85415655129142432  0.85628334012938423  0.85842011774346638  0.86054784831826969
  0.86261791775617236  0.86466871007411528  0.86676700246960825  0.86891061830816874
  0.87105012771229151  0.87318133388628127  0.87532292218361663  0.87754901297622301
  0.87985213567377862  0.88218839723775844  0.88449529195399879  0.88669472688888262
  0.88883703175887352  0.89097090230688925  0.89314423325152770  0.89537034642313940
  0.89765365868031288  0.89998038340644781  0.90232675805145390  0.90469461588573608
  0.90704020640680427  0.90944345313172437  0.91184068778931948  0.91425759156813757
  0.91671078183794097  0.91924038773738781  0.92183366302776781  0.92447951898241809
  0.92708534074221050  0.92962231622173630  0.93215288872244850  0.93470307321790369
  0.93734837580241426  0.94011401021781871  0.94297521508391524  0.94594904819272541
  0.94907394908629239  0.95228168442189298  0.95546781640034217  0.95879777697908986
  0.96243195967908080  0.96631988844874528  0.97035824357241918  0.97459078039252811
  0.97920969724289086  0.98449375365108061  0.99104196255183907  1.00000000000000000
 -0.01329090755866059  0.07884612314567997  0.11626254398176872  0.14226780328054009
  0.16346909932974901  0.18186034540577381  0.19816575478718240  0.21320667622234893
  0.22730999912692376  0.23944954794489004  0.25124684115864615  0.26259961365083673
  0.27320849658798596  0.28325890271267040  0.29311442834919160  0.30248419886156253
  0.31169612071056763  0.32006661812154735  0.32779200421801319  0.33485299781423183
  0.34135509618643584  0.34800910135557045  0.35470738236265131  0.36154981897891580
  0.36838981598564019  0.37484550065576772  0.38115301273446323  0.38717337759607351
  0.39307190303478917  0.39922995703462827  0.40539465916645578  0.41138788246306662
  0.41726026411993589  0.42305180720535496  0.42875312902587426  0.43464413584706368
  0.44038651316634675  0.44597243877965059  0.45141995030531867  0.45700008150213889
  0.46233397352467703  0.46777305558243770  0.47319872968546139  0.47845097048584428
  0.48361771713311857  0.48871198847146741  0.49371894683996614  0.49886805988986582
  0.50405685909055231  0.50946971737978686  0.51480109733629908  0.52000522101100122
  0.52512203970435190  0.53016587484816913  0.53521470757115974  0.54032500219899005
  0.54545639209913710  0.55078852094439534  0.55616929954383254  0.56158446523477346
  0.56710092862118855  0.57246569568288252  0.57795605494567426  0.58331417571970989
  0.58876970496691416  0.59428578532404841  0.59983886677974874  0.60557778433755616
  0.61142533500397966  0.61731299342652590  0.62329827450578024  0.62916471337064916
  0.63530036541297397  0.64132094562236763  0.64795108568009263  0.65520184998314113
  0.66285837518166879  0.67055155600691208  0.67823538065249656  0.68633336676660106
  0.69503637410054009  0.70408188427818619  0.71347140570113299  0.72318322535904078
  0.73377644468567971  0.74512050334666136  0.75683984230288359  0.76914209590987015
  0.78287791506863236  0.79727755857805460  0.81365458933056589  0.83371529273376221
  0.85752347918864669  0.88381686156777772  0.91918707410284817  1.00000000000000000
   1.4434464429017668E-021  -1.0000000000000000     
 T T T T T T T T T T T T T T T T T T T T T T T T T T T T T T T T T T F T F T T T T T T T T T T T T T T T T T T T T T T T T T T T T T T T T T T T T T T T T T T T T T T T T T T T T T T F T F T T T T T T T T T T T T T T T T T T T T T T T T T T T T T T T T T T T T T T T T T T T T T T T T T T T T T T T T T T T T T T T T T T T T F T F T T T T T T T T T T T T T T T T T T T T T T T T T T T T T T T T T T T T T T T T T T T T T T T T T T T T T T F T F T T T T T T T T T T T T T T T T T T T T T T T T T T T T T T T T T T
  <DiscreteSampler_grid>
  grouped_processes
  1 # 1 for a reference and 2 for a running grid.
  10 # Attribute 'min_bin_probing_points' of the grid.
  1 # Attribute 'grid_mode' of the grid. 1=='default',2=='initialization'
  0.0000000000000000 # Attribute 'small_contrib_threshold' of the grid.
  0.5000000000000000 # Attribute 'damping_power' of the grid.
 # binID   n_entries weight   weight_sqr   abs_weight
    10   10   2.265376590298299E+001   2.838484718289549E+003   2.265376590298299E+001
    11   10   2.265376590299091E+001   2.838484718291835E+003   2.265376590299091E+001
  </DiscreteSampler_grid>
