 -0.00000000000015409  0.00000000003662284  0.00000000025504571  0.00000000070487482
  0.00000000136967142  0.00000000218823548  0.00000000316074738  0.00000000432073050
  0.00000000560279045  0.00000000701669186  0.00000000852952332  0.00000001030885145
  0.00000001209836621  0.00000001397268762  0.00000001583042827  0.00000001777985335
  0.00000001989100874  0.00000002203351576  0.00000002410631371  0.00000002629898294
  0.00000002861852073  0.00000003099101073  0.00000003335921276  0.00000003575811765
  0.00000003834252819  0.00000004113054215  0.00000004404210218  0.00000004697253059
  0.00000004991790983  0.00000005291345297  0.00000005616609694  0.00000005966748122
  0.00000006306146841  0.00000006638511727  0.00000006973527746  0.00000007311784269
  0.00000007658425548  0.00000008018407286  0.00000008398255950  0.00000008786933499
  0.00000009176202513  0.00000009568246501  0.00000009968740000  0.00000010365481730
  0.00000010743446515  0.00000011120413371  0.00000011504773840  0.00000011920157994
  0.00000012361067611  0.00000012808370159  0.00000013259716832  0.00000013717932978
  0.00000014184826022  0.00000014645664635  0.00000015104835944  0.00000015562849162
  0.00000016008758619  0.00000016459714388  0.00000016940633324  0.00000017432586126
  0.00000017997282930  0.00000018560467053  0.00000019136106142  0.00000019719593161
  0.00000020305693533  0.00000020895007734  0.00000021493291297  0.00000022096873272
  0.00000022705587121  0.00000023319075907  0.00000023934773771  0.00000024583765244
  0.00000025312270042  0.00000026157033426  0.00000026982430409  0.00000027824393366
  0.00000028682139260  0.00000029550766216  0.00000030425811438  0.00000031312039169
  0.00000032249377623  0.00000033200828361  0.00000034168214188  0.00000035174772942
  0.00000036269650884  0.00000037659381532  0.00000039200095605  0.00000040782219531
  0.00000042428801180  0.00000044181953913  0.00000046122418234  0.00000048409432573
  0.00000051367335792  0.00000056119519450  0.00000059260259605  1.00000000000000000
  0.00966688557363478  0.01543725784965560  0.02401307325606269  0.03337522625488133
  0.04285881924218338  0.05274502014589762  0.06275107001237071  0.07279596889713549
  0.08283710743028011  0.09245866239745816  0.10159584344143086  0.11096103915364688
  0.12046257229783597  0.13000572979937822  0.13905678150217324  0.14839050777026636
  0.15832831748978829  0.16836025953320666  0.17839599684857446  0.18875654043439752
  0.19960868783169031  0.21041788363663741  0.22066813994956888  0.23111347826339798
  0.24201857439176733  0.25353173770276577  0.26539646650380078  0.27692983260562409
  0.28796822590793225  0.29896027119181057  0.31004032181661956  0.32074438046106080
  0.33093789580657385  0.34113491344331093  0.35134984080498510  0.36100207659337086
  0.36990272332546020  0.37891924952122513  0.38820887351349143  0.39783076403124074
  0.40758509096384826  0.41749820481846561  0.42791585355081863  0.43856791379312604
  0.44911963852735665  0.45951029113326014  0.46964791486563617  0.48009305866009883
  0.49059956245416964  0.50107270296651429  0.51163640811693956  0.52185110223362030
  0.53158210788875970  0.54164677118361937  0.55217669183392581  0.56268379409586522
  0.57270482704765879  0.58287578506263416  0.59401522662889361  0.60582465951213582
  0.61769879700899966  0.62955666205469629  0.64081373100022609  0.65142214845206670
  0.66138903007564076  0.67142334076201016  0.68190086534686267  0.69296688044963639
  0.70484887915573136  0.71616659830562712  0.72731049311148355  0.73738888291829585
  0.74738659969455534  0.75733943824267214  0.76749880699842599  0.77775925873760265
  0.78829866317176811  0.79880099029840534  0.80896342585053571  0.81917340988402865
  0.82973058857206783  0.84100383319048855  0.85268782957169909  0.86357022834821418
  0.87374404427820473  0.88376765142286617  0.89420030715159871  0.90519704587044092
  0.91633959666919151  0.92702161962794483  0.93772971046552567  0.94858216336032741
  0.95960837336904481  0.97025330603388871  0.98064763932423082  1.00000000000000000
  0.00926069181820064  0.01681072872551144  0.02641452389341407  0.03610143187362642
  0.04581765616521357  0.05544143104939850  0.06470012089585794  0.07380280659675664
  0.08294884420354166  0.09189463592045784  0.10093831095383739  0.11032428014771078
  0.11976859886232573  0.12916299023579469  0.13835426803083434  0.14822108193091388
  0.15899299941730591  0.17049352280596805  0.18224768629966070  0.19385472383767971
  0.20523725258850042  0.21646249510348356  0.22751417165871266  0.23847701802974292
  0.24958082530156836  0.26086812798377290  0.27229375315438353  0.28368653750005596
  0.29482193013401176  0.30581452917268614  0.31673374660479486  0.32828521037715680
  0.33965999842575301  0.35069700409729160  0.36212981604922895  0.37315869657855655
  0.38453444439008067  0.39544275460277689  0.40792254086906243  0.41932820360222772
  0.42989856832050050  0.44028108249265552  0.45100144619226795  0.46185905071181899
  0.47286063335709005  0.48418693084733405  0.49577988076700485  0.50647184439297499
  0.51652799417968320  0.52673203767004839  0.53747399399729201  0.54782898611734343
  0.55739146520881000  0.56684464996021366  0.57684616434319780  0.58726554784776830
  0.59775221373295551  0.60803813114782601  0.61814268319608501  0.62754183470366198
  0.63644262942766405  0.64545830864125220  0.65500810999872339  0.66464255517992110
  0.67467794306184548  0.68496275031765719  0.69534679032495850  0.70624422666681907
  0.71759187221165988  0.72910763244514021  0.74023480589534429  0.75123044420604135
  0.76319207470627592  0.77545162955650326  0.78701473703952840  0.79847561812165924
  0.80996068014535649  0.82088851316076605  0.83124353580438493  0.84196697225288963
  0.85240834350105632  0.86217876510616187  0.87176094363991896  0.88225274404380538
  0.89364139057034464  0.90424855502386348  0.91384082783162335  0.92328629272408569
  0.93263232520777439  0.94203564032618181  0.95209938837504038  0.96207161721889278
  0.97238543751896633  0.98250029996017285  0.99112239849006989  1.00000000000000000
  0.00003928295934563  0.00004077941403871  0.00004233686726836  0.00004452028012370
  0.00004642892556876  0.00004817976431666  0.00004985059507847  0.00005151836341010
  0.00005324387312200  0.00005489974710118  0.00005665470088626  0.00005838233689682
  0.00006012698194054  0.00006183217532207  0.00006349496798277  0.00006512716790139
  0.00006676229489056  0.00006843348686838  0.00007013613655452  0.00007181596713437
  0.00007356160296355  0.00007534164915963  0.00007713029850566  0.00007903561116252
  0.00008096683866077  0.00008289914961334  0.00008483560658439  0.00008677451181500
  0.00008873554025321  0.00009076631093479  0.00009279613550115  0.00009482077665027
  0.00009688114086138  0.00009901110058706  0.00010123926822925  0.00010357744677644
  0.00010602836678032  0.00010855893797666  0.00011104312695702  0.00011355235564002
  0.00011610267547655  0.00011869431529425  0.00012163252968061  0.00012480251610203
  0.00012808419823206  0.00013139834775717  0.00013470827606730  0.00013818088523909
  0.00014209024605451  0.00014625163562484  0.00015057436805331  0.00015505916426923
  0.00015963576283013  0.00016472413526544  0.00017005771169696  0.00017550400617333
  0.00018118872902980  0.00018749080044859  0.00019476742256258  0.00020267014124648
  0.00021070085728813  0.00021911366733066  0.00022812964982461  0.00023780768453269
  0.00024791502683434  0.00025850863898187  0.00026910106623952  0.00027996180796357
  0.00029146455077469  0.00030565286538829  0.00032065532856165  0.00033653155704619
  0.00035385893085680  0.00037294324802983  0.00039316813591066  0.00041727786972828
  0.00044454935427778  0.00047804514550104  0.00051384611040063  0.00055190272247577
  0.00059299658694453  0.00064238682073667  0.00070056985994359  0.00077078106791090
  0.00085591258929236  0.00094971003590761  0.00105114206067445  0.00117098339419546
  0.00133231662162844  0.00157260784241237  0.00190631169381656  0.00236508411231805
  0.00308692395906861  0.00488514671494515  0.07761629403010817  1.00000000000000000
 -0.00284846475267072  0.01110208941657722  0.02405170289608237  0.03681617476075778
  0.04905938040504932  0.06062992094405371  0.07187477607421994  0.08283228962484984
  0.09337551569909186  0.10367888486607064  0.11411329792310074  0.12468726055343439
  0.13525335470480226  0.14582721987422725  0.15615723011844654  0.16614264942382376
  0.17595300084715515  0.18561828865712138  0.19537326369785710  0.20526622744171702
  0.21563396298136309  0.22618912570183081  0.23602571288811691  0.24535314244657463
  0.25487167806941896  0.26462764641107367  0.27433978878101373  0.28381557254140727
  0.29359769772583888  0.30420980037381262  0.31468336224334625  0.32473257434094527
  0.33527362883940282  0.34707552237372374  0.35821536357934963  0.36818053794070638
  0.37789804767769203  0.38771719496980966  0.39747024876111603  0.40661525220769101
  0.41570568785646889  0.42543034115816170  0.43569011393883916  0.44621944018098392
  0.45690764994531813  0.46843240979575879  0.48042551900926073  0.49169024217826812
  0.50274348232625210  0.51417490622811635  0.52525110495287108  0.53598398262033409
  0.54612521624224097  0.55614854766855648  0.56647481555281398  0.57663936895779677
  0.58705662831656114  0.59777795493799779  0.60903550355159730  0.62048163822578994
  0.63117499008204414  0.64177707053893296  0.65277438336154781  0.66400086948355908
  0.67518629635819161  0.68600840909838012  0.69669447460892464  0.70754169603661166
  0.71845166627236490  0.72881460452502189  0.73830640700712424  0.74768851513636092
  0.75697949177035695  0.76613605705059140  0.77485812459306791  0.78347568738566897
  0.79214838333488058  0.80143125787978631  0.81083222011711786  0.82199036385050395
  0.83441046268148988  0.84584684463790227  0.85763128101546315  0.86983776941341184
  0.88222777556820142  0.89407567627693785  0.90493018375634215  0.91536285236243098
  0.92567515830876090  0.93588626413515197  0.94638835114750897  0.95655542560794016
  0.96807804419988153  0.97883398062469851  0.98951052323453648  1.00000000000000000
 -0.00210332591429448  0.00878771283471778  0.01792100127766013  0.02702772964890870
  0.03653265678535920  0.04643091617778291  0.05670872342193754  0.06658211530211970
  0.07589799081001362  0.08572464117805509  0.09560071652828835  0.10571382862343291
  0.11555352170355014  0.12539079337685929  0.13597019106429042  0.14679151961743214
  0.15706566797723406  0.16697824155584001  0.17683774390236040  0.18688576550900463
  0.19748982363388679  0.20828208722256192  0.21923039280872397  0.23017856566796421
  0.24107840492163765  0.25176638907471827  0.26235942253029793  0.27273121369483083
  0.28330679365864370  0.29406407198797851  0.30452490412895883  0.31531747300754159
  0.32586148412560817  0.33695579686465704  0.34858699761759243  0.35886407452054608
  0.36894504393051369  0.37901158853684996  0.38893760408984118  0.39811040873699666
  0.40688602483075281  0.41540606634168042  0.42576708560336879  0.43647575535642097
  0.44771604923634578  0.45866108145320733  0.47164254371305248  0.48333603573984169
  0.49493345950086531  0.50544341051501096  0.51587826921703916  0.52596218266398542
  0.53538176543614824  0.54438430337972898  0.55304487287800985  0.56170254452616242
  0.57111882996958963  0.58087588607075480  0.59109410501713178  0.60147893163723720
  0.61216930660638458  0.62301226399692178  0.63413354848631842  0.64539479050300952
  0.65660783991623173  0.66811358389485365  0.67971235498128879  0.69182123077753899
  0.70383118415042023  0.71588018738090164  0.72816961784789580  0.74168069210590570
  0.75471343845640282  0.76696661169287439  0.77998248362908285  0.79257645537724786
  0.80403827260312088  0.81531273394322401  0.82671666164061253  0.83753102390879786
  0.84797124530652090  0.85835540695319212  0.86852243071789093  0.87811071702460564
  0.88759060325682659  0.89767684263261349  0.90834478877290048  0.91869180509626658
  0.92786709688501745  0.93747985813034307  0.94774727903806977  0.95779918806692577
  0.96759098474953564  0.97749920346087860  0.98867157342627332  1.00000000000000000
 -0.00301724291508128  0.01056062010696402  0.02250218546424037  0.03433001024792277
  0.04632758777740181  0.05802124335548360  0.06972990677318448  0.08131819875436530
  0.09293460685913427  0.10427548181257357  0.11484235468611642  0.12480826139697879
  0.13432403966905709  0.14353872635427126  0.15302583732845995  0.16316582796119988
  0.17454928884640483  0.18580632723376866  0.19550558606375240  0.20446259355954402
  0.21323492287121776  0.22190477330128042  0.23096101571516789  0.24022527412617298
  0.24970114769757962  0.26086029646147280  0.27183417373111851  0.28193090008084054
  0.29228392266412367  0.30342162592143024  0.31461633503444214  0.32566596615823856
  0.33726923155482441  0.34937468772297470  0.36036772000470380  0.37054642659500714
  0.38068492501188206  0.39065604066515669  0.40072802115022427  0.41046379896568913
  0.42069828308298635  0.43146898924367849  0.44255698034252050  0.45417508661528094
  0.46455767569356937  0.47452367097869702  0.48505428636576181  0.49595673408342345
  0.50669976404679540  0.51658092399002253  0.52762951638123257  0.53860204166123038
  0.54903224968698427  0.55937340901834143  0.56982159937279686  0.58037968867929490
  0.59059458844661950  0.60028657639477734  0.60976008555412264  0.61938403227062044
  0.62930159751113557  0.63983983882732420  0.65005315670304564  0.65951757937359490
  0.66901363614251941  0.67838208347047357  0.68786896802259623  0.69748014760055599
  0.70758936793342009  0.71845458409969742  0.72951936467714495  0.74048558814969656
  0.75128694576456234  0.76232478334539266  0.77361139678944102  0.78465499446427045
  0.79512889240581541  0.80524834085676833  0.81564903170481495  0.82618842552102145
  0.83667318369167420  0.84719238836780608  0.85779618213925490  0.86882156563253254
  0.87978464215305496  0.89049865731959166  0.90165578734592244  0.91291946878386099
  0.92349162261364681  0.93374052167534238  0.94449326503765929  0.95549518102142439
  0.96584292307588149  0.97610957477038407  0.98727406644004767  1.00000000000000000
 -0.00314031826625564  0.01171400877721521  0.02444543019959508  0.03721424659497098
  0.04930299080199627  0.06066809223743722  0.07138079108738712  0.08136335866207205
  0.09088823421922725  0.10034203466174883  0.11028026728787746  0.12085374386333575
  0.13180610145434338  0.14304185496137065  0.15498318267911396  0.16642688189153354
  0.17647834734605208  0.18585058361772089  0.19439461448153450  0.20264847174652278
  0.21098090355303017  0.21948707166112197  0.22803809401960901  0.23655279305797206
  0.24519224970613240  0.25467754718524221  0.26539385864514414  0.27567928099457190
  0.28560311509732939  0.29487609410146787  0.30370612563350247  0.31259656447802098
  0.32184043526195000  0.33163065872225000  0.34187251439496580  0.35199468284349716
  0.36244499658070539  0.37286336517429869  0.38359092299640779  0.39446355977009162
  0.40472316028509936  0.41485629230744292  0.42502367910826155  0.43526115436358592
  0.44562302345920213  0.45619956060228012  0.46712469169801873  0.47832768270586862
  0.49013224455298743  0.50147059710542119  0.51196891969125025  0.52267250982639046
  0.53343003200844152  0.54435985767637796  0.55476050764098828  0.56498882146237606
  0.57582275739983946  0.58689508202788776  0.59836540266827076  0.61017901000689634
  0.62150785883324244  0.63385738586839369  0.64564711233633576  0.65660891893169249
  0.66791324021597975  0.67926492304176422  0.69141131391637134  0.70288066588131726
  0.71394299109192605  0.72479989930417943  0.73479019311843952  0.74426553599142220
  0.75376579681127132  0.76334872896201877  0.77306526657014529  0.78282687639695137
  0.79255295135733306  0.80492240470869225  0.81665042713676572  0.82820086809596938
  0.83936847146183957  0.85040937106553727  0.86155466619972709  0.87233238439913341
  0.88289882395140395  0.89274785883410379  0.90320685317186544  0.91417796459997958
  0.92384846705319157  0.93335917842320193  0.94314952891249948  0.95386935889330837
  0.96532667862439192  0.97652087727113590  0.98806787874128599  1.00000000000000000
 -0.00272509089873546  0.00925977180448735  0.01952804579516908  0.02913382311842072
  0.03873912649830098  0.04843474980060460  0.05835355092310122  0.06756419971249107
  0.07607619910268125  0.08435636458122292  0.09232105236046241  0.10089052416762305
  0.11010974011758540  0.11994093730904036  0.12937725594740487  0.13845180958720429
  0.14790446743961713  0.15820890632972828  0.16868364996462606  0.17928378843317092
  0.19005325743262086  0.20146800934334358  0.21230815377236123  0.22220739867333819
  0.23263180067223624  0.24315335852737924  0.25351961208082296  0.26335264080230825
  0.27355899547454049  0.28431382660995203  0.29517067864631585  0.30616038239269550
  0.31797798599790439  0.33067804174656668  0.34339604437057414  0.35644754440085641
  0.36966122573870674  0.38108097879002739  0.39100624410936369  0.40102588959072638
  0.41074143026332227  0.42010318604149116  0.42913471838540695  0.43837194129170748
  0.44900352623793754  0.46048429322336454  0.47174755631190263  0.48351869343220849
  0.49491063321555712  0.50597114182899328  0.51635775092975567  0.52721461788227941
  0.53796899734152304  0.54853546214390803  0.55936412132060287  0.57100205021710360
  0.58283299882306572  0.59477376430847351  0.60646440908106403  0.61824309589140092
  0.63054707337055471  0.64338700150824846  0.65539467264698537  0.66698174855635795
  0.67808120728140819  0.68902183305853770  0.70006282592506786  0.71108196793350276
  0.72171833812415109  0.73209209294841338  0.74266583308434375  0.75294511268284969
  0.76322727555540504  0.77348120290230959  0.78420708482329138  0.79475481531693770
  0.80516643990605219  0.81580041999984343  0.82691379158749057  0.83745175019867002
  0.84755614430665971  0.85782580605934400  0.86906026279981519  0.88055475753156232
  0.89226520791872921  0.90355261556819588  0.91447877682874867  0.92410378361189072
  0.93323170444207859  0.94251996224661838  0.95181888392546299  0.96122484127213514
  0.97065311311282532  0.98021429701570573  0.99019800645141476  1.00000000000000000
 -0.00233998411014959  0.00960225643925193  0.01919317939104311  0.02911784477226138
  0.03899610839070291  0.04998767933645008  0.06159468944895422  0.07274697479164227
  0.08339943082319787  0.09444436843291067  0.10566401399584846  0.11726274464250289
  0.12853942023780165  0.14029728971908589  0.15139717613813503  0.16181668275728953
  0.17246764567832731  0.18338580358006043  0.19358780267682879  0.20328328193988734
  0.21275279629427613  0.22232811981785680  0.23143994197949844  0.24010646810315989
  0.24942188191643933  0.25938655179429099  0.26998011798954574  0.28062099141881724
  0.29117896748487998  0.30292536148338400  0.31463933725417281  0.32586811502322283
  0.33672844307691008  0.34733898773892191  0.35809421383426632  0.36898546549212557
  0.38016059654305162  0.39168420599170689  0.40388851019781119  0.41667326158163231
  0.42919663782613637  0.44141826201145795  0.45308593864130886  0.46409483033615151
  0.47433752157463310  0.48536197962143290  0.49645644636671477  0.50767252188138534
  0.51833674564133159  0.52919683345215396  0.54015528005080282  0.55067206438654603
  0.56119836507205390  0.57217774038117919  0.58301665653179779  0.59350111911021397
  0.60363756907202348  0.61421342112215715  0.62474745146931432  0.63591824462887525
  0.64647199698638957  0.65622891206772316  0.66632380392526147  0.67683708221468863
  0.68788889059424752  0.69747423727852365  0.70708570182710462  0.71692124937276913
  0.72647657935713239  0.73581772378690702  0.74492326557547039  0.75442920534423474
  0.76463834196513725  0.77528844990410084  0.78602409187632183  0.79676421608755110
  0.80748302333547262  0.81862905865572422  0.83000152577051312  0.83984236052046046
  0.84909239671689885  0.85873638474938940  0.86849287259904373  0.87803217223939511
  0.88738381018844747  0.89677323054842895  0.90622157569291151  0.91532941644414600
  0.92532939449441975  0.93598544971488629  0.94684863003616782  0.95737562230527051
  0.96863119829984889  0.97961696861548309  0.98970644841176370  1.00000000000000000
 -0.00254515305020800  0.01003658123087936  0.02025277194926739  0.03192404659348926
  0.04337427754014095  0.05387967352204080  0.06419590786815985  0.07413305558954239
  0.08445070858809593  0.09406596319910289  0.10386103081329884  0.11422279961444697
  0.12494873065133974  0.13521630597059106  0.14484119896045955  0.15454012366022232
  0.16453065047299692  0.17429109006275667  0.18406955598958832  0.19408296003404993
  0.20452825983604248  0.21489703262443063  0.22502942775659662  0.23526089917464260
  0.24552180128691709  0.25568565235289142  0.26571415493762507  0.27588465011998825
  0.28602015559697802  0.29629364118216450  0.30696012179809790  0.31763752925680327
  0.32833567598438118  0.33919435756013233  0.35015276272960622  0.36034221429692936
  0.36957511128255788  0.37853314462786714  0.38762428954681455  0.39682433501099429
  0.40593344693499583  0.41501918924138365  0.42533167689432755  0.43568201282900570
  0.44596465779184175  0.45656455667739337  0.46792516799154271  0.47937392072068452
  0.49023753275182158  0.50118773773004388  0.51255652382772143  0.52395409771076273
  0.53519149844019320  0.54631294152004217  0.55754674420747408  0.56883893153827980
  0.58010883184414064  0.59166459687274942  0.60379453118321758  0.61517225522810515
  0.62690817019236567  0.63660947688916614  0.64642127025981089  0.65594008336658294
  0.66560649551434881  0.67525668235392278  0.68465856285556714  0.69462214748688444
  0.70503939695490347  0.71532013854111254  0.72556174692946551  0.73574689942884564
  0.74601048215689525  0.75605385008285719  0.76639106270674151  0.77771255748496093
  0.78963329305517971  0.80058813132609219  0.81093998933961520  0.82144629141285708
  0.83183408548049576  0.84184513371511394  0.85172931631936333  0.86219805817068018
  0.87334006029853339  0.88502625996236639  0.89698552662581976  0.90896084077403472
  0.92080831665075769  0.93236798288813338  0.94375940926346791  0.95482077748301275
  0.96630345970928366  0.97768194061695357  0.98899998886640061  1.00000000000000000
  0.53793002040082172  0.53908270572460326  0.54105193690430275  0.54335883782995864
  0.54643439754093770  0.54959530130461731  0.55277053223765615  0.55613015695411172
  0.55953382931004192  0.56287444081303006  0.56603558119883535  0.56915454463701132
  0.57258300908817361  0.57580468199178581  0.57894701139293447  0.58180606242965305
  0.58469447130766616  0.58774798487796198  0.59086708096293672  0.59416016284619355
  0.59752970669849093  0.60087386474765159  0.60412194051996315  0.60716654377079926
  0.61026350590630396  0.61353339878112934  0.61682190016347527  0.62003887935402680
  0.62321902302902210  0.62654414529488944  0.63002329150937109  0.63355879600198828
  0.63710542389641867  0.64064991018664463  0.64423110934763839  0.64781558933334127
  0.65139036074299717  0.65493707329902240  0.65836285886215207  0.66162085773994495
  0.66484112077508151  0.66832232547227011  0.67217505214556872  0.67624965869356557
  0.68028776702111848  0.68416719827215600  0.68804452443673314  0.69204179278025135
  0.69599971376274172  0.70001223554422976  0.70406920508836879  0.70833061830368615
  0.71281577596100376  0.71727420266218922  0.72163332032546335  0.72612352574080585
  0.73086235390211984  0.73562292624359193  0.74005390110456060  0.74421378776625402
  0.74829472324837465  0.75240867779587550  0.75672779720277528  0.76114000953165040
  0.76551417198376970  0.76989869640571618  0.77447705774562114  0.77912359763852246
  0.78381521055934988  0.78855571509190492  0.79347326455225897  0.79844879915320299
  0.80333795606776570  0.80824977232850026  0.81327555864922219  0.81847724326791138
  0.82370816664456092  0.82891847824708154  0.83433158135444463  0.84009173356678413
  0.84606776879549328  0.85232566876491700  0.85870662506311723  0.86528588340648305
  0.87222354815240566  0.87965851401072714  0.88709379703808822  0.89484470082839351
  0.90311205550792673  0.91163527748114437  0.92070429399439768  0.93068647707350727
  0.94169545599594395  0.95440753855038107  0.97136780001166256  1.00000000000000000
 -0.01389746076364416  0.08176276430272794  0.11790816577220055  0.14290917190898952
  0.16385439627794368  0.18156210441343501  0.19716357892862521  0.21198982207604408
  0.22577927915837240  0.23940817136070380  0.25267669772624979  0.26687608642535210
  0.27844763280698376  0.28840599293633851  0.29735711517579039  0.30601173928700598
  0.31471175658360118  0.32254923652735562  0.33011641104455791  0.33702358908613528
  0.34393101771313128  0.35095893360153801  0.35800285510366353  0.36495177794780403
  0.37170161734512808  0.37838945714288974  0.38518458008430473  0.39194544456440311
  0.39834444595278251  0.40428448428508801  0.40996275108440727  0.41561101918839499
  0.42126926851353386  0.42660429866602634  0.43182660615840712  0.43688462218186735
  0.44180522866749505  0.44649939737290240  0.45116380635106329  0.45590306285538185
  0.46089793094679549  0.46628142099746994  0.47176201429512504  0.47709134095959899
  0.48259189036803640  0.48816996130575646  0.49368678187884563  0.49919973669977313
  0.50477807407044417  0.51057760322920476  0.51664511021396242  0.52227565438259749
  0.52738929992975192  0.53263851654277539  0.53769815768072204  0.54264994210876638
  0.54743588746478622  0.55223988288764525  0.55705895869260813  0.56193742497814692
  0.56677975977100647  0.57162292026282524  0.57653689136802255  0.58172320573829606
  0.58734967329187016  0.59331165637982686  0.59940940281204114  0.60548786055425652
  0.61152605680193517  0.61778341748659715  0.62402531054355226  0.63058723487960888
  0.63729672611247079  0.64418852908626190  0.65143349570547360  0.65868879783894208
  0.66609493450138302  0.67384738644292674  0.68200049732522006  0.69041677133526935
  0.69910467087607875  0.70815055283578465  0.71749231772303046  0.72722811990865655
  0.73770088024384928  0.74891558132796343  0.76142476896412015  0.77488637701911389
  0.79035297043841113  0.80657358771975207  0.82366476403796030  0.84297661714770522
  0.86407642449992472  0.88739160053271471  0.92095111798824247  1.00000000000000000
   3.7736778353926731E-017  -1.0000000000000000     
 T T T T T T T T T T T T T T T T T T T T T T T T T T T T T T T T T T F F F F T T T T F F F F T T T T F T F T T T T T T F T F T T T T T T T T T T T T T F T F T T T T F F F F T T T T F F F F T T T T T T F T T T T T T T T T T T T T T T T T T T T T T T T T T T T T T T T T T T T T T T T T T T T T T T T T T T T T T T T T T T T T F F F F T T T T F F F F T T T T F T F T T T T T T F T F T T T T T T T T T T T T T F T F T T T T F F F F T T T T F F F F T T T T T T F T T T T T T T T T T T T T T T T T T T T T T T T T T T
  <DiscreteSampler_grid>
  grouped_processes
  1 # 1 for a reference and 2 for a running grid.
  10 # Attribute 'min_bin_probing_points' of the grid.
  1 # Attribute 'grid_mode' of the grid. 1=='default',2=='initialization'
  0.0000000000000000 # Attribute 'small_contrib_threshold' of the grid.
  0.5000000000000000 # Attribute 'damping_power' of the grid.
 # binID   n_entries weight   weight_sqr   abs_weight
    10   10   3.485838309840537E+002   3.053336415334310E+005   3.485838309840537E+002
    11   10   3.485838309840533E+002   3.053336415334302E+005   3.485838309840533E+002
  </DiscreteSampler_grid>
