 -0.00000000000007907  0.00000000001461815  0.00000000009327039  0.00000000024702319
  0.00000000047369587  0.00000000075826645  0.00000000110559118  0.00000000150293250
  0.00000000194027268  0.00000000240974860  0.00000000292603601  0.00000000348810655
  0.00000000409968398  0.00000000477363562  0.00000000547576526  0.00000000626001852
  0.00000000704471608  0.00000000779802018  0.00000000861181565  0.00000000942300113
  0.00000001024796863  0.00000001109203837  0.00000001195217989  0.00000001291204438
  0.00000001381875095  0.00000001471831490  0.00000001562326715  0.00000001654518110
  0.00000001755344473  0.00000001863726498  0.00000001975356792  0.00000002083504611
  0.00000002192788598  0.00000002301833710  0.00000002411088830  0.00000002527097098
  0.00000002654786861  0.00000002789175427  0.00000002923373484  0.00000003055779038
  0.00000003188035070  0.00000003320646031  0.00000003454774378  0.00000003581167028
  0.00000003723269725  0.00000003877299298  0.00000004034739827  0.00000004192466200
  0.00000004354085511  0.00000004514472638  0.00000004673489723  0.00000004835400563
  0.00000005000271089  0.00000005163687539  0.00000005323714033  0.00000005504219051
  0.00000005693727576  0.00000005884223992  0.00000006074507292  0.00000006263068366
  0.00000006451838619  0.00000006650765593  0.00000006855187614  0.00000007062556387
  0.00000007268534194  0.00000007472573411  0.00000007672991359  0.00000007873262748
  0.00000008109496181  0.00000008355217758  0.00000008602489152  0.00000008852778834
  0.00000009108094637  0.00000009368809015  0.00000009633581955  0.00000009908807901
  0.00000010193793486  0.00000010491576847  0.00000010787646321  0.00000011084470015
  0.00000011413434712  0.00000011791107109  0.00000012208123695  0.00000012650993049
  0.00000013101672242  0.00000013562130027  0.00000014042816135  0.00000014552549651
  0.00000015100706325  0.00000015702512998  0.00000016391079389  0.00000017245748299
  0.00000018537071629  0.00000020246872971  0.00000021458939065  1.00000000000000000
  0.00916578884678253  0.01645864127544667  0.02664508383204336  0.03775402973242616
  0.04813891766442407  0.05808617260856153  0.06786228813046886  0.07743943358509707
  0.08690682623364097  0.09683730318818706  0.10661247169591959  0.11646161793761796
  0.12631679286328718  0.13658049807522396  0.14647130117649840  0.15601228587744631
  0.16585245272819368  0.17624949917057625  0.18688639137537028  0.19752634848505188
  0.20823523428958163  0.21892530688884712  0.22949110076268125  0.24001787559364318
  0.25078493447561639  0.26166373556544564  0.27238889367063446  0.28298064180517229
  0.29330102177321055  0.30330344025544936  0.31344950720386922  0.32397261214241696
  0.33450076353499680  0.34468198732792843  0.35471979279856969  0.36529327360727337
  0.37619664966214178  0.38678273538052832  0.39748897341236994  0.40876562232917257
  0.42007331528915481  0.43110714340445727  0.44241336715977919  0.45305249037877177
  0.46404002088576457  0.47449833933595326  0.48530070555184068  0.49615584503045385
  0.50803453792074893  0.52059292002601421  0.53312937089127277  0.54469517829632941
  0.55543554152819052  0.56575972761731108  0.57578447579461178  0.58516976477718341
  0.59428790772112716  0.60350250603509292  0.61334808718927902  0.62313205963231078
  0.63276968011440760  0.64269355565040576  0.65290125089165640  0.66300837210319574
  0.67291600176911304  0.68276756336119226  0.69301707795810252  0.70410948358512226
  0.71564848418703619  0.72709662209277237  0.73786453901160509  0.74825743225105157
  0.75865327987810172  0.76904147442515902  0.77950269099687286  0.79018518883126643
  0.80105613188222868  0.81159444749777332  0.82159185414806701  0.83162053351000054
  0.84189994134488733  0.85195457787068007  0.86171837439678067  0.87097989258926078
  0.88051755181455738  0.89026540526207554  0.89964038718140349  0.90892831470321966
  0.91879119847133761  0.92866482419845608  0.93852674288120319  0.94859329011511173
  0.95866195964010925  0.96907951537174308  0.97958370430512609  1.00000000000000000
  0.00951422212504441  0.01542400139793149  0.02507966676897094  0.03646457066075446
  0.04692849124588251  0.05700415607633148  0.06738374524874813  0.07770087511440965
  0.08764599809045646  0.09764468429212290  0.10788013596413114  0.11848031369454276
  0.12877756838765797  0.13838999128008442  0.14785712939993806  0.15696006211178457
  0.16642150086796537  0.17616170491267688  0.18625551906034515  0.19650010889168723
  0.20670609458544964  0.21721818804935583  0.22764377514809939  0.23821307797605307
  0.24847933861921606  0.25886833530161518  0.26888717069089285  0.27883554745103717
  0.28887313595322245  0.29902536330136942  0.30936252927366636  0.31987063332537669
  0.33087500622661958  0.34187769347517544  0.35262356675959777  0.36294379609323363
  0.37317579953126223  0.38390477513030580  0.39523446378588323  0.40677639238131402
  0.41844604867186053  0.42981677116205397  0.44080454146602099  0.45168592784530837
  0.46303005883223708  0.47459033057751526  0.48599865106867768  0.49726004784369376
  0.50853190328178910  0.52012419664469045  0.53193799817643506  0.54350109151083803
  0.55455196680737584  0.56514820366285390  0.57568639585127090  0.58642272431441778
  0.59709277525094440  0.60791936308565853  0.61862151787593711  0.62949311160001953
  0.64053184727800494  0.65051415898430842  0.65980364596983332  0.66898944536976757
  0.67792796453475923  0.68717157466171919  0.69667587717895463  0.70658274163447277
  0.71713938913790387  0.72752006707156802  0.73779425144120292  0.74800549835291275
  0.75837610729926952  0.76884289309725062  0.78016109961546187  0.79158528469006417
  0.80288360031434314  0.81377575580456174  0.82384485713456324  0.83395924692732371
  0.84366604630206599  0.85319314173802141  0.86296142015411947  0.87249530576346279
  0.88199997309489331  0.89121608564605725  0.90063818397303108  0.91023089786591416
  0.92044250750350221  0.93043906596739956  0.94028176610765712  0.95027881351635568
  0.96036770615233547  0.97081542571007484  0.98121209418697841  1.00000000000000000
  0.00003947490727892  0.00004053116016158  0.00004134785163510  0.00004254802593484
  0.00004401729749009  0.00004531891546996  0.00004659214763459  0.00004789947265882
  0.00004924868171598  0.00005066500646436  0.00005210662478341  0.00005355568129178
  0.00005502680089666  0.00005653916892018  0.00005813714738220  0.00005973487649700
  0.00006132895156281  0.00006292618879325  0.00006454497751015  0.00006624992978785
  0.00006798194508812  0.00006974422068057  0.00007148128750639  0.00007326852556186
  0.00007511231178006  0.00007703989918909  0.00007905196796919  0.00008104906663634
  0.00008308784174227  0.00008513909791187  0.00008722513102835  0.00008939635023160
  0.00009163180426351  0.00009396190149723  0.00009642172051570  0.00009890179229731
  0.00010140158054121  0.00010407046796336  0.00010710359031397  0.00011020393140257
  0.00011333631864603  0.00011663555518737  0.00012016729532833  0.00012404771462540
  0.00012809297289374  0.00013217880183072  0.00013643308272403  0.00014096923167971
  0.00014593905493855  0.00015109971441821  0.00015644579246588  0.00016272609123104
  0.00016977683501270  0.00017703826084043  0.00018437723052694  0.00019231870028298
  0.00020057810191479  0.00020915258693082  0.00021833751262887  0.00022815217062456
  0.00023833531982075  0.00024890492582886  0.00026019234124611  0.00027249260566389
  0.00028617318795701  0.00030096890686761  0.00031709889624050  0.00033292198612545
  0.00035130116245958  0.00037294147427506  0.00039485988786140  0.00042072042949928
  0.00045044462064433  0.00048264101722995  0.00051578901807112  0.00054965392824231
  0.00058741158011718  0.00063318301584461  0.00068938150988080  0.00075021618600601
  0.00081616751909135  0.00089854162181893  0.00099515944221170  0.00111850459183058
  0.00126162993832242  0.00143070501383227  0.00162945504929495  0.00186053461914933
  0.00211348394085090  0.00243249755830192  0.00284048994208645  0.00353400905774423
  0.00492018035704088  0.01265648818715316  0.04388136959954115  1.00000000000000000
 -0.00263620686728314  0.01016911833529723  0.02137833105046349  0.03258192327273655
  0.04409680316297694  0.05618456396198740  0.06758164161227435  0.07865714096578759
  0.09030249394107415  0.10216595417172986  0.11323496096603848  0.12385552958508220
  0.13464146430707044  0.14541663034947305  0.15627150717492677  0.16705980067144405
  0.17753243057290985  0.18788659567834107  0.19817904107678164  0.20861673052512744
  0.21851619424610727  0.22844133783140574  0.23800874971100869  0.24779619498978805
  0.25753043953677374  0.26696531682758340  0.27618085463581227  0.28591500490247579
  0.29598801888462672  0.30781161411047786  0.31940011571296489  0.33147735094430086
  0.34244730799954459  0.35290332528249962  0.36272225465999741  0.37265123327000066
  0.38316311812620057  0.39429664885525523  0.40474055826392685  0.41512784038874834
  0.42523429145183583  0.43519814212485536  0.44517406441065988  0.45505990467513852
  0.46612109223564763  0.47762214827691374  0.48872643138083899  0.49917768304632815
  0.50830071486755501  0.51705843014961261  0.52571310153475126  0.53467193420931303
  0.54375596019363870  0.55412831713843314  0.56427231776451658  0.57585426211681068
  0.58715971516108745  0.59844079751833845  0.60995471000595058  0.62147976976378572
  0.63275443287009969  0.64421778939449470  0.65477691547340333  0.66511551602867081
  0.67541584808288579  0.68579984309373210  0.69695949800036872  0.70813560024240763
  0.71889011304988026  0.72957672138788254  0.74000777025358988  0.75033279807390552
  0.76036263821623729  0.77052154260944183  0.78103451823243519  0.79130675477718182
  0.80101219289348835  0.81058508658396156  0.82044570979390863  0.83038876243131099
  0.84026972428886171  0.84971352285028501  0.85950257901155258  0.87002877492034725
  0.88141404815533730  0.89246728061388991  0.90336299407093978  0.91437859098756680
  0.92543249487695722  0.93666164270290664  0.94751499367795300  0.95817226512130760
  0.96840614436240258  0.97884751886121879  0.98927864332197268  1.00000000000000000
 -0.00219603792677800  0.00916640853955143  0.01850450526484308  0.02819658308617662
  0.03791398439607474  0.04792438998146632  0.05841344888456566  0.06899399125695055
  0.07940342382380068  0.08882988483570865  0.09768714764249301  0.10685250491151664
  0.11656061374789797  0.12650654095025091  0.13676729137522944  0.14779732212123597
  0.15976205392498083  0.17101091747141434  0.18060886605026671  0.19011783491136314
  0.19956096829275019  0.20907977144574030  0.21876483780076109  0.22867289255751988
  0.23925257480053183  0.25015531154220799  0.26071913510889977  0.27154450396708851
  0.28222510174377580  0.29318625786417207  0.30509642950268606  0.31740942024157992
  0.32958012082701538  0.34093597455288743  0.35175967201049768  0.36270529884289543
  0.37373925697478827  0.38521340853767555  0.39638308344057543  0.40715001550323893
  0.41755062996073833  0.42681773569378639  0.43681463947956350  0.44659720267760039
  0.45663295031363860  0.46663633409886923  0.47624680448050410  0.48600700751714559
  0.49653140922840211  0.50806549803933843  0.51988611728932232  0.53088136198844438
  0.54169747594025297  0.55337948247620816  0.56513009768506550  0.57633824290821156
  0.58798149418645429  0.60028271024996249  0.61183111160924253  0.62299650024469067
  0.63401696728353218  0.64451925917520902  0.65511779027193395  0.66611126165051482
  0.67797178062172148  0.69024008275320836  0.70247244912680296  0.71536137809259492
  0.72800014816693004  0.73927234536410980  0.74992544646980708  0.76034312169630280
  0.77057582849267725  0.78046137453215947  0.79038719245493372  0.80050804767711758
  0.81022873773705895  0.82025644665688435  0.83010246178287328  0.83993470464049924
  0.84970813557364822  0.86012988781874500  0.87059183474094526  0.88038763036542167
  0.88938531916887431  0.89894644654369038  0.90914347664604589  0.91980556594006901
  0.93066495416324613  0.94177609860700073  0.95334359873418129  0.96313961990221120
  0.97246376469961970  0.98173429140183766  0.99081609608785437  1.00000000000000000
 -0.00242772230776343  0.00950918765291061  0.02009874261925589  0.03082642908485916
  0.04139219196589516  0.05144039609039672  0.06146195610822209  0.07203572019195174
  0.08225088251832201  0.09218346716161420  0.10219260710236117  0.11355942883790376
  0.12576490291376938  0.13657735148374139  0.14765057151829322  0.15891653684960408
  0.16987134955183242  0.17993397461791308  0.18998979138030542  0.19984427322148360
  0.21005945382686467  0.22019518919788511  0.23026748937370609  0.24066673142586953
  0.25104481039695209  0.26184317459778156  0.27261595306664482  0.28364016883088550
  0.29496481840352001  0.30645906012491819  0.31802086906758376  0.32973126908423461
  0.34121250091789657  0.35275323300192596  0.36417910548647781  0.37561967151388503
  0.38668997195653526  0.39764866705427049  0.40885120373068445  0.42007121783978035
  0.43090117815502094  0.44120798034784764  0.45126027032698168  0.46129205055001893
  0.47144908743051900  0.48153791930065476  0.49141312227053713  0.50109303192746213
  0.51074610663464171  0.52092123230294962  0.53197026052712482  0.54352510372820251
  0.55503528903179056  0.56588666260148901  0.57593719005909205  0.58548846762448514
  0.59480685157577473  0.60432223895623671  0.61420690498502828  0.62433578458163486
  0.63509916624230112  0.64624228385720217  0.65745695377411473  0.66852289348690774
  0.67932055724475193  0.69071564222460802  0.70244192757711899  0.71366876183374650
  0.72432999183588276  0.73530280688432870  0.74678873584391803  0.75759937902523677
  0.76798261778610444  0.77864785178029461  0.78928103912680836  0.79925529413497864
  0.80865842617980810  0.81817229639621147  0.82800951855295124  0.83769235875909087
  0.84728059346976003  0.85690690185237373  0.86695130117496089  0.87703106969108169
  0.88692232880256927  0.89701046143619256  0.90746058173984601  0.91788085799715569
  0.92815452581416169  0.93830846044645599  0.94900724574194140  0.95982663364003573
  0.97051747619338136  0.98070499241937292  0.99030495794300821  1.00000000000000000
 -0.00285719187365078  0.01103608108629437  0.02210899901686002  0.03213198840907396
  0.04218375677553472  0.05229413392589465  0.06222685002909789  0.07240278504517078
  0.08294412189996896  0.09337677433186854  0.10363280775070680  0.11345535087907192
  0.12330243439522286  0.13293484491371180  0.14273672995196104  0.15301664603579565
  0.16365687068114998  0.17418803954540504  0.18485612196458109  0.19533014744926130
  0.20562020016418139  0.21632242654951411  0.22721156622168878  0.23753854631250906
  0.24767534322417775  0.25810795126316605  0.26878536709291617  0.27852823806351074
  0.28833186742283862  0.29816800866652066  0.30825646885351826  0.31776282392710070
  0.32713523029978986  0.33673050303642232  0.34641581963462403  0.35574285083657531
  0.36486037355614037  0.37407897043831007  0.38423830647833396  0.39472874917785711
  0.40505878359411723  0.41579479494857047  0.42762539881984396  0.44008137966186223
  0.45160634070312750  0.46292541705064433  0.47378506257639413  0.48482168641468387
  0.49566221015489109  0.50655685788915117  0.51771698531508969  0.52976390970770626
  0.54228193632563004  0.55416313699889086  0.56527458100699823  0.57579352746045342
  0.58660226703450458  0.59726606478499955  0.60786275662758638  0.61810060416103618
  0.62883907458421551  0.63979944218941776  0.65044802589872031  0.66102145947489854
  0.67222351767724797  0.68363921249111370  0.69442999084103463  0.70477857242545539
  0.71552549534495469  0.72690807358324450  0.73724360970394254  0.74753239194595666
  0.75807244348789316  0.76873243752213682  0.77863714494824687  0.78803793752432028
  0.79753730499145126  0.80722197255887773  0.81696959297507488  0.82676775455470386
  0.83694858192545107  0.84810605438049913  0.85946041727293876  0.87095520666692205
  0.88260005166764144  0.89430648781596545  0.90575758125411399  0.91688432004677689
  0.92815642977766399  0.93902304464790032  0.94962634913828048  0.95988991353109110
  0.97008720465312737  0.98019572482359041  0.99016021016995359  1.00000000000000000
 -0.00257421391327560  0.00956204450439160  0.02036731100112989  0.03067573445420436
  0.04072636740560481  0.05086691520202793  0.06090557419858777  0.07089433529380584
  0.08108786916964703  0.09155779888260351  0.10237749218636172  0.11376578427017341
  0.12520900113036645  0.13612174397111454  0.14650939195148505  0.15645307992360352
  0.16636733495892861  0.17618984925696557  0.18586314618138261  0.19489961665862013
  0.20353522737241347  0.21236143404910268  0.22156443810769261  0.23105422208978382
  0.24044825254687058  0.25007391732496909  0.26029315429552102  0.27076524869232915
  0.28155971929023010  0.29276078264774447  0.30411220192948873  0.31524744814100580
  0.32631329620662564  0.33719947714420373  0.34805988798654880  0.35872712862450740
  0.36924595973160890  0.37995725428052496  0.39114043602279952  0.40129994014609321
  0.41073787384253485  0.42068068300713146  0.43132423800239977  0.44177813412309413
  0.45130038095905911  0.46072030121186452  0.47148774765667062  0.48278184357547521
  0.49404690599746776  0.50525474855954655  0.51665425454516734  0.52802703448533816
  0.53946458034558153  0.55116058289314374  0.56273092788909740  0.57413554691512270
  0.58545973989764322  0.59641642829398167  0.60729751753777550  0.61746452194234347
  0.62782487204868664  0.63822201932258804  0.64904747179366651  0.66047321589786490
  0.67167328336444543  0.68263876637834020  0.69341010486537991  0.70361584404518618
  0.71363452535912519  0.72333882350623779  0.73301687657206571  0.74298522761439312
  0.75303072732533505  0.76429375613427764  0.77549497232430897  0.78677490444503362
  0.79700610613706313  0.80653420513766294  0.81616110616739523  0.82537197381271099
  0.83515823367806263  0.84510020136586805  0.85524184120904478  0.86554758321248615
  0.87641333938296151  0.88829040002712334  0.89988568308759498  0.91093202143810015
  0.92191112643116246  0.93310173194175583  0.94392158459458242  0.95436389455802939
  0.96505534506044277  0.97671682555749584  0.98808411985265121  1.00000000000000000
 -0.00198302040147316  0.00822219006920151  0.01719851523414984  0.02728325900028203
  0.03771903379037097  0.04818687820010879  0.05872779964821144  0.07035437255703646
  0.08273991988589839  0.09423646215651146  0.10544566913535275  0.11600648024695900
  0.12655294950837603  0.13682930388057873  0.14716473774300184  0.15846554540883950
  0.16935570773288389  0.17976927970667628  0.19018645647389706  0.20130563559322931
  0.21244401910356914  0.22373971530964948  0.23561005123893058  0.24727989969861858
  0.25869884539848526  0.26981125687127433  0.28097883701329568  0.29182655842458433
  0.30242723012218214  0.31302495602125946  0.32365581179509278  0.33463143851619070
  0.34601095997580189  0.35700280967636672  0.36742469945889411  0.37798289068255719
  0.38892169310360553  0.39962371254463469  0.40969593170208696  0.42001803914368158
  0.43047839602791288  0.44119463876347925  0.45171475976133491  0.46247611382828524
  0.47342591204456658  0.48431776129798726  0.49488788031201369  0.50507982962805176
  0.51508268583470584  0.52529503176658454  0.53576886688334713  0.54648778814437660
  0.55728345246338606  0.56789453707226922  0.57803962627295935  0.58746067485142084
  0.59641773449481672  0.60554064254518314  0.61501549090844365  0.62466013403870535
  0.63412291691078582  0.64378511802150729  0.65410684964922516  0.66499741749415242
  0.67627856647216544  0.68772242556017504  0.69906186647265722  0.70992480309371886
  0.72058260943951014  0.73094912908298915  0.74117484915200305  0.75145169000055356
  0.76172910107971015  0.77175693916492816  0.78172132644666259  0.79194834952934523
  0.80221366081386036  0.81208864426087568  0.82147089443448229  0.83066507912904175
  0.83991409830620345  0.84938382975153714  0.85935330810742239  0.86948791483608934
  0.88046719683792107  0.89198307518686326  0.90432853532999091  0.91658600048559669
  0.92801312788673651  0.93911147571382547  0.94943742090105976  0.96031305015823076
  0.97070286053936772  0.98090753940117970  0.99032841481247025  1.00000000000000000
 -0.00241614296839893  0.01041852671332018  0.02139973895220650  0.03088317591116356
  0.04064034139997155  0.05034703601792939  0.05946012006877317  0.06817771056311715
  0.07684082358658581  0.08640573461777830  0.09675575889048357  0.10720762043714832
  0.11790417196270507  0.12886526629558342  0.14015966149965783  0.15120747189301620
  0.16191507130130076  0.17232769241646795  0.18212071386488879  0.19172803970926314
  0.20142856839447254  0.21146832892409526  0.22188244365516832  0.23286368779199901
  0.24432606070023535  0.25552115018130950  0.26615598139078833  0.27713478749452342
  0.28860273368044459  0.29894181629370198  0.30891598591342467  0.31939032983713522
  0.33032907994116650  0.34089471675334471  0.35148777705891493  0.36195268471366426
  0.37222236311959167  0.38230293932863502  0.39194027251026620  0.40193575152190342
  0.41254864318410212  0.42378610041702769  0.43625415110971127  0.44783234094277485
  0.45880318287677974  0.46954104794562951  0.47994037273851375  0.49015492160890828
  0.50032690122218781  0.51188724645832961  0.52325399113528048  0.53521430723485142
  0.54623052936973726  0.55718618507054463  0.56844116544316226  0.58003020254991078
  0.59054547124749657  0.60105997717892912  0.61235914605995878  0.62369769224854188
  0.63424183534212775  0.64425445674460891  0.65478479829963432  0.66597364052014019
  0.67684284823646967  0.68735645153853342  0.69700594687491813  0.70701010198415437
  0.71724514792258642  0.72728744028613057  0.73694649909129273  0.74686108797350170
  0.75686572510187111  0.76760478492098705  0.77766525836448930  0.78775994915227565
  0.79758953271033783  0.80775209982140184  0.81805672455133716  0.82793525400391155
  0.83765780346006413  0.84769021949000445  0.85811652427074403  0.86899034991098933
  0.88034876905438664  0.89223467565760373  0.90386925911985394  0.91492435658375504
  0.92587936464017395  0.93694914017001907  0.94746489771388742  0.95852163782543176
  0.96934179386826769  0.98015444252272521  0.99022843384959514  1.00000000000000000
  0.69888094592176542  0.70078686766679765  0.70322780751208747  0.70538093119758805
  0.70743410420832398  0.70976589743596952  0.71243699147903194  0.71511394553438923
  0.71775932819188559  0.72040309864896623  0.72310185492638324  0.72593942009775625
  0.72872160526499596  0.73137010036531369  0.73392363961236096  0.73642323271464594
  0.73900317021950512  0.74165777200896865  0.74435566641241235  0.74697813015875369
  0.74953450866663096  0.75202759688151022  0.75448502042411214  0.75695382667039135
  0.75943030452625515  0.76191187136474858  0.76438989069666186  0.76687469253766971
  0.76938851211442538  0.77185390356433137  0.77438231441738881  0.77690981990988006
  0.77963739961962986  0.78230694174798876  0.78486806050242264  0.78735326002475226
  0.78993668341094714  0.79277150060404178  0.79575406647477298  0.79865156002910842
  0.80151318853241038  0.80443191427698679  0.80741366098633571  0.81035391659210065
  0.81320117765333222  0.81603946129368654  0.81890575480836714  0.82180556634707336
  0.82474230095591650  0.82767292731869435  0.83064701037756850  0.83369817186290451
  0.83677829825606476  0.83992836281480820  0.84306353248507282  0.84607056881890996
  0.84906866958038707  0.85206997117775840  0.85515274327225554  0.85828690974743227
  0.86145552044112350  0.86460759736646653  0.86764488056697142  0.87068971542570772
  0.87375566247408520  0.87690410538874708  0.88009843340448379  0.88337464844428715
  0.88670758632989832  0.89008202915497803  0.89340964038386894  0.89672677418326741
  0.90000841971062318  0.90329080721359012  0.90663060973133147  0.91000425926469364
  0.91351833404601190  0.91703508504984499  0.92045972569211332  0.92387298934165940
  0.92736472012811555  0.93090587148874915  0.93444333882418640  0.93788391135426963
  0.94173051064949220  0.94560624034181129  0.94960224154548389  0.95358276768970729
  0.95772026412325995  0.96227968489848126  0.96723883625661111  0.97232596205895627
  0.97760803559050069  0.98356297496702105  0.99090954998944203  1.00000000000000000
 -0.01356319418226642  0.09885145432639454  0.16067676474230011  0.19655858585551916
  0.22387217272612062  0.24550590474853531  0.26390440779797009  0.27961674130052666
  0.29361506313292163  0.30681791059706787  0.31940047047614240  0.33144005272057148
  0.34324385049754397  0.35445303590667171  0.36505425796763469  0.37544577985828120
  0.38425947751993267  0.39318655775326333  0.40219588648419607  0.41138928515719020
  0.42002511405791593  0.42776673279681637  0.43537185776778009  0.44320995683182851
  0.45120489602034364  0.45903827665375257  0.46729365678691176  0.47544335024511181
  0.48391137956033026  0.49204972901071609  0.50011207552197778  0.50828031570525567
  0.51641228265497541  0.52436073385301585  0.53230812354763168  0.54023215663021384
  0.54775021172170713  0.55489414439023721  0.56175043774398448  0.56867427158260486
  0.57583319189173543  0.58279132428226010  0.58933480876136679  0.59556720626035153
  0.60155360239179445  0.60746836144808081  0.61353187650884711  0.61972372577283730
  0.62589239127133589  0.63175498647750139  0.63743744884695630  0.64310247758702999
  0.64891362028284172  0.65482828944976956  0.66072310893683606  0.66661945295137326
  0.67260195700988679  0.67865620649822767  0.68456771412958595  0.69031646338198882
  0.69601233075348889  0.70159692483566827  0.70697607639204985  0.71223492337234051
  0.71751918653470936  0.72290450339956869  0.72842017447317375  0.73385264231202141
  0.73924762140455846  0.74446980450019518  0.74984599799042750  0.75509752571209421
  0.76048751528876135  0.76590883992374359  0.77139232892093268  0.77693779972737720
  0.78251487143349185  0.78809403355977126  0.79382662000280335  0.79976606812216366
  0.80573611269711021  0.81172034228725309  0.81776648645871031  0.82385188993192349
  0.83016886737607598  0.83685332946828528  0.84380468513098095  0.85073388978336151
  0.85834169593186393  0.86696876745704954  0.87662278945529959  0.88751904811793347
  0.90012894000544930  0.91670896948035319  0.94284078222169232  1.00000000000000000
   1.4321478851762066E-013  -1.0000000000000000     
 T T T T T T T T T T T T T T T T T T T T T T T T T T T T T T T T F F F F F F F F F F F F F F F F F F F F F F F F F F F F F F F F F F F F F F F F F F F F F F F F F F F F F F F F F F F F F F F F T T T T T T T T T T T T T T T T T T T T T T T T T T T T T T T T T T T T T T T T T T T T T T T T T T T T T T T T T T T T T T T T F F F F F F F F F F F F F F F F F F F F F F F F F F F F F F F F F F F F F F F F F F F F F F F F F F F F F F F F F F F F F F F F T T T T T T T T T T T T T T T T T T T T T T T T T T T T T T T T
  <DiscreteSampler_grid>
  grouped_processes
  1 # 1 for a reference and 2 for a running grid.
  10 # Attribute 'min_bin_probing_points' of the grid.
  1 # Attribute 'grid_mode' of the grid. 1=='default',2=='initialization'
  0.0000000000000000 # Attribute 'small_contrib_threshold' of the grid.
  0.5000000000000000 # Attribute 'damping_power' of the grid.
 # binID   n_entries weight   weight_sqr   abs_weight
    13   10   1.444877597855780E+006   1.938694833244279E+013   1.444877597855780E+006
    14   10   1.444877597850224E+006   1.938694833228807E+013   1.444877597850224E+006
    16   10   1.826436172421812E+006   3.097781096866929E+013   1.826436172421812E+006
    17   10   1.826436172414574E+006   3.097781096841455E+013   1.826436172414574E+006
  </DiscreteSampler_grid>
