 -0.00000000000008485  0.00000000001543805  0.00000000010013604  0.00000000026635767
  0.00000000050248650  0.00000000080692063  0.00000000116881629  0.00000000158672201
  0.00000000205329189  0.00000000252330604  0.00000000305039916  0.00000000361736633
  0.00000000425783034  0.00000000492406462  0.00000000560160254  0.00000000634100357
  0.00000000707756451  0.00000000780569798  0.00000000864062561  0.00000000951541525
  0.00000001037311595  0.00000001122950635  0.00000001213669440  0.00000001307485661
  0.00000001401424520  0.00000001490949235  0.00000001584353180  0.00000001678766694
  0.00000001780839727  0.00000001898837950  0.00000002015607749  0.00000002131567916
  0.00000002246199935  0.00000002359785781  0.00000002475259984  0.00000002596806144
  0.00000002723872466  0.00000002851823593  0.00000002977443789  0.00000003101813476
  0.00000003226811667  0.00000003350049571  0.00000003478267941  0.00000003609607922
  0.00000003751032300  0.00000003901079382  0.00000004054679364  0.00000004208122159
  0.00000004361095495  0.00000004517564034  0.00000004671422191  0.00000004825132145
  0.00000004978022035  0.00000005129833236  0.00000005280336056  0.00000005444123632
  0.00000005629114721  0.00000005807576455  0.00000005987814851  0.00000006172656292
  0.00000006361044059  0.00000006550093136  0.00000006737703155  0.00000006925542995
  0.00000007117244749  0.00000007312399549  0.00000007505224850  0.00000007705991897
  0.00000007924107822  0.00000008162605707  0.00000008419462813  0.00000008684402840
  0.00000008950043079  0.00000009219120742  0.00000009491581534  0.00000009767205381
  0.00000010052801449  0.00000010348271837  0.00000010649659685  0.00000010951932895
  0.00000011273066649  0.00000011615949211  0.00000011990157068  0.00000012453960333
  0.00000012910501516  0.00000013385647383  0.00000013892137220  0.00000014431960871
  0.00000014999022060  0.00000015597398634  0.00000016277287472  0.00000017142921737
  0.00000018347499133  0.00000020060215887  0.00000021500260231  1.00000000000000000
  0.00883310089499430  0.01853095581101612  0.02991362781795248  0.04118891744433283
  0.05150729282272445  0.06178423136570180  0.07178024975651651  0.08210192046982713
  0.09271035804470291  0.10377235605059144  0.11519879948306688  0.12621524862025757
  0.13653515921806969  0.14665396676427522  0.15790166505564071  0.16852010975447634
  0.17903456294681264  0.18947586079909706  0.20043389716586862  0.21088520981156827
  0.22069445960773099  0.23047922741178656  0.24059204668722328  0.25099444156843898
  0.26148049105436122  0.27235976938164236  0.28330233358631945  0.29422871465447048
  0.30479220957110492  0.31459631800774263  0.32377233302150515  0.33305460056636749
  0.34282435861788824  0.35241574060049824  0.36158738973555210  0.37043041993350106
  0.37992159533411196  0.38998018107437737  0.40025556358223197  0.41123027785018490
  0.42256396568967103  0.43357871275559712  0.44431376436552206  0.45493829318150092
  0.46540052666246767  0.47578808459307215  0.48619833931622147  0.49651845120416871
  0.50623327501088389  0.51574218335519684  0.52510624944481499  0.53431465577483062
  0.54365957873107085  0.55309062391164232  0.56261462745133617  0.57184618173239365
  0.58147598652438437  0.59181718540864625  0.60268446043782786  0.61402808327263769
  0.62533678837499163  0.63658265362194222  0.64772513185095104  0.65874730925187808
  0.66944696024596795  0.67961372149177690  0.68967721372465129  0.69996106885834364
  0.71059578349293584  0.72164001102463016  0.73262447241232620  0.74345876397968980
  0.75432068643084771  0.76546810826832634  0.77682272893737292  0.78846064786560999
  0.79958278700935470  0.81062892236393236  0.82177669899521877  0.83260558517747474
  0.84343563893107176  0.85416901405623702  0.86490240492894843  0.87560869988057910
  0.88618523555448214  0.89676223567161195  0.90731095471749834  0.91826020147782283
  0.92974717843237731  0.94109657760502641  0.95119716083643202  0.96137687082911383
  0.97137290399599707  0.98162485319564052  0.99117681963735804  1.00000000000000000
  0.00934147384584846  0.01775531449094781  0.02867492090486346  0.03911902458683769
  0.04888752374854188  0.05845596480492782  0.06795156911563409  0.07747109236765377
  0.08757918018428752  0.09807442661045800  0.10792895689790619  0.11742856746196229
  0.12737929892528510  0.13827235417037884  0.14932055743869130  0.15993910575748668
  0.17032534721249837  0.18094404960171637  0.19174081664070641  0.20195811514546153
  0.21161571535385351  0.22075664536952200  0.22982671477251754  0.23918354574239886
  0.24894951872735663  0.25996570326501300  0.27153439022788523  0.28251830555533297
  0.29283740725002633  0.30305145366402914  0.31331731786564143  0.32376131145844200
  0.33389121568088914  0.34474886032693169  0.35528042016030542  0.36612585875546594
  0.37693231581554093  0.38791668892407033  0.39885967341800099  0.40920883656526563
  0.41914432495987752  0.42889393627954819  0.43880308330736417  0.44898769494584939
  0.45933404148708068  0.46983959947440262  0.48037462787027629  0.49080063400554219
  0.50137502368672038  0.51230739707269746  0.52299920698247504  0.53346545831200587
  0.54392616287946727  0.55382927961740003  0.56348910807658470  0.57296273834076017
  0.58260213682114892  0.59262886590455532  0.60299217191025600  0.61321350214180370
  0.62322324192551659  0.63297021243748197  0.64242206043517935  0.65195568078431632
  0.66194411563858147  0.67296125433173926  0.68489116514072423  0.69745556682461696
  0.70949739461292316  0.71929530412434795  0.72898927647948819  0.73885529833388375
  0.74927514014786623  0.75976994698796618  0.77006797779220570  0.78080106713747488
  0.79202615107770735  0.80343434226242350  0.81511540954473494  0.82645526766689281
  0.83709803437891595  0.84687625154353441  0.85665428911614394  0.86691508352541879
  0.87725968992314340  0.88800040519482659  0.89801803262071711  0.90780023614908423
  0.91792456872874595  0.92870788194851783  0.94031288680172664  0.95211298608214490
  0.96334758467433479  0.97490848400503494  0.98686738503448224  1.00000000000000000
  0.00003959287048631  0.00004046962541588  0.00004124319700921  0.00004224900855315
  0.00004358045599365  0.00004493256121847  0.00004632671094144  0.00004774884773570
  0.00004914667095172  0.00005047818703515  0.00005175035834016  0.00005300278294842
  0.00005426504075725  0.00005552632874146  0.00005689218162532  0.00005825007520867
  0.00005959947965218  0.00006096520533256  0.00006234708582332  0.00006376020935989
  0.00006522847419939  0.00006676812719406  0.00006836608135457  0.00006992146482912
  0.00007146455005448  0.00007301054371879  0.00007458165278019  0.00007624024811595
  0.00007802096653895  0.00007987113228549  0.00008183373390316  0.00008379789342798
  0.00008579140395217  0.00008779868379410  0.00008983642613880  0.00009192450439675
  0.00009406203011700  0.00009627881028612  0.00009855985082846  0.00010080630554649
  0.00010316651873295  0.00010562994540724  0.00010819960666798  0.00011091251343335
  0.00011376612793287  0.00011669722395454  0.00011965745532226  0.00012306562354618
  0.00012651654501942  0.00012998666395292  0.00013352830792046  0.00013726278516531
  0.00014135039555398  0.00014566270907663  0.00015009403932401  0.00015463004017964
  0.00015940429122780  0.00016470493985068  0.00017048605902683  0.00017648002165406
  0.00018272476629018  0.00018955075707033  0.00019736152677072  0.00020543842282768
  0.00021344758807746  0.00022240254548169  0.00023204630532471  0.00024224206617034
  0.00025328648939503  0.00026737773210888  0.00028177999412910  0.00029579915012337
  0.00031329077936174  0.00033122546567458  0.00035225667872507  0.00037457084715380
  0.00039968652546425  0.00043058973711934  0.00046661562948377  0.00050578630675693
  0.00055262915534838  0.00060648416341261  0.00066635755703827  0.00073513718790695
  0.00082109569515161  0.00093887158369532  0.00108257898280690  0.00124523034254333
  0.00143683216706330  0.00165396485505061  0.00188707042442258  0.00223590919489737
  0.00288139647469915  0.00418548147437303  0.17483538799215137  1.00000000000000000
 -0.00259498128414265  0.00970591439014248  0.01979954830069790  0.02985487573666891
  0.03984717866823693  0.04903882122312150  0.05820055477179003  0.06723508167568837
  0.07675005093711351  0.08641495717680359  0.09628633121266530  0.10599756638934039
  0.11612989128455545  0.12630237757486593  0.13635655070349956  0.14623370265086824
  0.15597506853493720  0.16590707279240066  0.17608501096814858  0.18653211505122871
  0.19724496846018943  0.20795419974424700  0.21820582584800713  0.22770137916665265
  0.23682398010320396  0.24609714618272652  0.25583667494627310  0.26577053232241576
  0.27583879875294315  0.28564154394826119  0.29523920455113162  0.30489103246981925
  0.31470544727465610  0.32502632201430642  0.33575393888323768  0.34755559082666093
  0.35967293563388675  0.37155558894700075  0.38478006195042547  0.39703508497120010
  0.40797307022178014  0.41860251463130693  0.42943818055143390  0.44023323808130710
  0.45054449922667023  0.46068581668240216  0.47075227256297403  0.48095876282926203
  0.49099061042384629  0.50126025141695574  0.51183889675261884  0.52257824664396346
  0.53367387925187892  0.54512331770559586  0.55647313688825950  0.56723357246876749
  0.57744089899056616  0.58761442856670787  0.59801180536370502  0.60842685233834992
  0.61895689120489117  0.62986186545139178  0.64121182793383646  0.65275715418340496
  0.66412526853375087  0.67560254292492550  0.68703321859495625  0.69846354420127854
  0.71017083230906664  0.72200705878067162  0.73332551143680580  0.74411051227888869
  0.75505183326996395  0.76648588409368967  0.77757166861664340  0.78849890717319737
  0.79944565748849072  0.81042846659123480  0.82114302516918902  0.83182640224091686
  0.84271139724388611  0.85404494994374736  0.86552418192595360  0.87639929830954211
  0.88630441944325566  0.89599761790311283  0.90570670668639053  0.91555308102865141
  0.92544912714399752  0.93522548783052706  0.94592200923618608  0.95646356613567107
  0.96659084910297377  0.97718765716756784  0.98840110469540077  1.00000000000000000
 -0.00241101974179333  0.00917505233155033  0.01936068856059036  0.03056182765110209
  0.04234391978827447  0.05447758464875863  0.06638276813769402  0.07834363174518821
  0.08978740795081325  0.10088968140530551  0.11182129913633337  0.12257958449531660
  0.13346054623110906  0.14467433942972327  0.15635698376698340  0.16816121013307081
  0.17954333248304116  0.19087516232853813  0.20230684450824551  0.21364336050238947
  0.22465842888912835  0.23555159958075500  0.24634882802916450  0.25681032087382205
  0.26710168716549781  0.27785275529996456  0.28894838618561874  0.30003788567840239
  0.31115386841692838  0.32202588166496326  0.33272616867573634  0.34302747697116820
  0.35345934883362673  0.36373697714742326  0.37440908272514273  0.38465269747428155
  0.39506483065674136  0.40487210483446018  0.41456018333731859  0.42423578554816577
  0.43435828229446566  0.44527389911974052  0.45667890051372256  0.46769035925003855
  0.47850544265089590  0.48907348505816139  0.49961245283659683  0.51018793409540719
  0.52094683661321739  0.53227597163728746  0.54332409088050626  0.55441947291089266
  0.56516111121413926  0.57713304267867271  0.58764373808665182  0.59862671921766009
  0.60897307256406052  0.62031680117472898  0.63017674933877077  0.64012545866070369
  0.64993472094488336  0.65953176107340750  0.66894343222134456  0.67814485911788569
  0.68737770172240220  0.69681134992034199  0.70611950982588467  0.71567366350092487
  0.72569130182782948  0.73620307236284466  0.74720958740345944  0.75777115279621710
  0.76802572333551145  0.77820416254486813  0.78824189780658827  0.79824830286498127
  0.80827833839130214  0.81855782122142462  0.82926052688675223  0.84047726318117977
  0.85187923548589872  0.86287723559958041  0.87314754637690040  0.88265600245363773
  0.89200409347535370  0.90146780048459374  0.91085229035648041  0.92026546517537500
  0.92972043380745450  0.93978645680387440  0.95097535409792189  0.96135670044194543
  0.97113323013749742  0.98061146911692509  0.99034672364828769  1.00000000000000000
 -0.00279891594082965  0.00909982698340403  0.01976522792096748  0.03058238357076241
  0.04144221301584015  0.05247109667274449  0.06365872518828826  0.07514877190452977
  0.08676906062887958  0.09791620610136054  0.10863226162781196  0.11899927631613252
  0.12950704020989798  0.13954188247109958  0.14922088895515828  0.15882044953970448
  0.16870288802652114  0.17874024237545083  0.18887207290856001  0.19897994268775912
  0.20954382453948903  0.22052406287078968  0.23221898177307174  0.24400269790475126
  0.25624562667595485  0.26891963395290924  0.28156454244377160  0.29388874376252611
  0.30546159539405354  0.31641376062823262  0.32684985890065166  0.33711046930367006
  0.34750777414588141  0.35831492841347562  0.36943332946457730  0.38012983105821602
  0.39010708155227392  0.39959655431129665  0.40883026701429764  0.41835513488658416
  0.42809096951276576  0.43798778778703029  0.44852938698454631  0.45943153029291217
  0.47043190159437492  0.48104797059924853  0.49106640367550175  0.50098193876289920
  0.51100811725397122  0.52147229149958751  0.53189562790759037  0.54214882859095503
  0.55239945669782164  0.56289762480895256  0.57347694140758565  0.58372834014693864
  0.59372448971139380  0.60367968240817615  0.61345654400273031  0.62307124264033076
  0.63266610289050595  0.64237681861718132  0.65267226202872053  0.66321156425840655
  0.67381515453643259  0.68409801634443079  0.69455096419869367  0.70533735642620643
  0.71525628506792027  0.72514931013071371  0.73540461722342931  0.74602197807540771
  0.75638458318051160  0.76718648242718535  0.77798442836801052  0.78852248768271382
  0.79799485843243001  0.80679869945576621  0.81603393788654388  0.82522853563017939
  0.83479991631952599  0.84487100119612291  0.85529837817316201  0.86593837564243892
  0.87647738730323499  0.88688699891788692  0.89724847079914927  0.90792894020252224
  0.91901963544899856  0.93065776098224939  0.94260304783871807  0.95461041369123245
  0.96615465739385153  0.97740851981391175  0.98860116042968893  1.00000000000000000
 -0.00247248566449841  0.00995532603858761  0.02010177426104852  0.03112167541782999
  0.04199670215572943  0.05290337601924545  0.06359027517990294  0.07480530099069935
  0.08630204166809281  0.09815891775577010  0.11007128178109356  0.12158410664948288
  0.13308258527289682  0.14456036809926873  0.15565365685665317  0.16637021794747842
  0.17714270046230049  0.18796020774833758  0.19871656299206567  0.20963337754241365
  0.22032490464765242  0.23122098963418156  0.24217736629311054  0.25292586652247806
  0.26402762693137954  0.27529034637984789  0.28679689456496327  0.29739297153743233
  0.30734079574631151  0.31695057003031407  0.32632356170847426  0.33632012992039489
  0.34705125311677371  0.35759379635543870  0.36776897757452681  0.37801805888079792
  0.38851348138251207  0.39863110961134002  0.40853932463323261  0.41873492052276845
  0.42924992941058149  0.43934766104966916  0.44880347994846542  0.45839873806026266
  0.46847442323569094  0.47880220455523032  0.49000343078479458  0.50095813823341784
  0.51166533979861251  0.52214364883263709  0.53235017580598654  0.54231050082286814
  0.55216774175045569  0.56219335494278944  0.57241698944180930  0.58294737836987209
  0.59302209887222934  0.60275290808849413  0.61285375054860314  0.62303696010316056
  0.63337231584159503  0.64387637708780043  0.65536652624295588  0.66696350651346858
  0.67712822852837329  0.68702214601189537  0.69680816785529021  0.70663407257579047
  0.71676369626265446  0.72651722077291903  0.73661878743398790  0.74676686334480236
  0.75684602302607018  0.76710150964895008  0.77732927432525623  0.78762045331294406
  0.79797115044794242  0.80783176433283943  0.81804213608560661  0.82813785239042936
  0.83826942527998427  0.84820880563944556  0.85842382287134078  0.86907806712400648
  0.88012215624112822  0.89114055459559816  0.90209130702328577  0.91257128647682273
  0.92286685503091614  0.93332333486192953  0.94391891842613196  0.95498217484586145
  0.96636097736230897  0.97778090555911057  0.98894338866050902  1.00000000000000000
 -0.00267624458921418  0.00882740151983760  0.01931622669518797  0.02993153686552832
  0.04062752184852521  0.05131493934055696  0.06196562894640389  0.07262224784959717
  0.08368629169934433  0.09458845127293576  0.10480975816354322  0.11456287687612614
  0.12438544920272621  0.13448743448740957  0.14463023441519796  0.15499291266987142
  0.16547958988350611  0.17608831475537740  0.18671563843667455  0.19745466131552086
  0.20825675460664628  0.21893006060554368  0.22994911130267104  0.24141429173815243
  0.25306086566975083  0.26479713479137279  0.27592194277187992  0.28613673656011285
  0.29614060837922490  0.30603543274029538  0.31602054620351910  0.32589239344024168
  0.33588277594089022  0.34667282196852495  0.35752177951993969  0.36796652798556806
  0.37814781651319340  0.38814970339938676  0.39852957166793351  0.40882383554486218
  0.41935523229650545  0.43005388765152264  0.44037118299411004  0.45042394392710211
  0.46039191303557525  0.47082021276127195  0.48111519730717095  0.49163548966410620
  0.50303424671679142  0.51493885180065824  0.52625538874431577  0.53674225222044014
  0.54704131316506266  0.55708027676227634  0.56710923151093717  0.57697983204500303
  0.58694395034704494  0.59722720689382303  0.60805877160870336  0.61932786230126458
  0.63057450946864413  0.64192226620736648  0.65324116929172904  0.66391674137019263
  0.67479020481409913  0.68589643639631226  0.69764925643341869  0.70893919254535898
  0.72083608194081417  0.73231963410680867  0.74479821109791566  0.75577633687888390
  0.76706362713015386  0.77736469080869008  0.78773547869436156  0.79698254868267993
  0.80624628452761793  0.81575639190478477  0.82552931563485366  0.83475109721151497
  0.84395986332966721  0.85333060262761506  0.86363854955361652  0.87474123748887556
  0.88613027536737610  0.89704055312381714  0.90669338555530588  0.91610721888114288
  0.92580236292813889  0.93546196149771599  0.94538593844164953  0.95547572645044410
  0.96635304578881309  0.97767417389084788  0.98882782212712550  1.00000000000000000
 -0.00190999702263161  0.00794050478537816  0.01623752901788232  0.02482739476855044
  0.03412282552844682  0.04349757963108512  0.05326436444481047  0.06334449814326071
  0.07433745889488172  0.08558759837758545  0.09657295357759529  0.10772724405695179
  0.11910923932799464  0.12985839994102749  0.13993203104460361  0.15010266512390161
  0.16032901958777587  0.17039750924358329  0.18030926926559243  0.19045873949795317
  0.20091261185991469  0.21134761904404620  0.22109650552164123  0.23093437284999752
  0.24100749557711820  0.25126046487089526  0.26115969844104930  0.27145126941743464
  0.28282425972140118  0.29406532320618262  0.30442673280868077  0.31468486349753200
  0.32539494466323682  0.33598221218310181  0.34585332810502717  0.35549720627151349
  0.36543804781668898  0.37550811571491410  0.38571467379585506  0.39647373246064915
  0.40782637959329027  0.41942524758622324  0.43114375649925052  0.44318039558494987
  0.45555720866922444  0.46771218587760982  0.47959707305432170  0.49152410851308537
  0.50285370579030075  0.51385884560675843  0.52461005426599006  0.53505091128936455
  0.54544180393115993  0.55597868676084716  0.56694854224123892  0.57849016097419093
  0.59003773132656334  0.60151239926779043  0.61248767668888349  0.62315841358740320
  0.63333847426169576  0.64409016071304559  0.65480255395698173  0.66602158101849862
  0.67748924975520519  0.68917527031219206  0.70090378609486859  0.71338811069173302
  0.72607773671673426  0.73800722535555141  0.74934865904119297  0.75977759785527688
  0.77015217997408714  0.78072988549860711  0.79093296507016553  0.80068578625828968
  0.81052153296348639  0.82104582234303602  0.83167195371346436  0.84194887775089355
  0.85212135202745976  0.86214161282664459  0.87206789120731465  0.88186112694166885
  0.89208371016558774  0.90259087633300750  0.91248350464972028  0.92187528596929180
  0.93116696252221798  0.94043496151804584  0.94986061163932700  0.95953091754369835
  0.96964722666806968  0.97966880446857862  0.98964622536712654  1.00000000000000000
 -0.00232295154378113  0.00915320404996644  0.01950081441328829  0.03087705555422944
  0.04201868210801139  0.05312348118254928  0.06447287792194750  0.07676144051820195
  0.08831158323103348  0.09931494126306480  0.11013232717203567  0.12108297901087382
  0.13212967278138668  0.14343442012294227  0.15495965667997369  0.16631371794267802
  0.17737293272459467  0.18820627153033334  0.19860976428396424  0.20933139342995050
  0.21978641070338314  0.23010728854670121  0.24030650743226162  0.25085232456269480
  0.26169744360119046  0.27242367588099914  0.28295267351924269  0.29335113130456797
  0.30361135079637258  0.31387282614224649  0.32419312195601985  0.33476375955933563
  0.34574915641390636  0.35658738561371661  0.36725476049699923  0.37795491848635226
  0.38889813364249287  0.39982766219680321  0.41039031820196792  0.42130207595125735
  0.43258847943892531  0.44380973755736919  0.45468463285667321  0.46520846024134554
  0.47572740675739084  0.48653984931940442  0.49746397472457482  0.50862305751336934
  0.52000212764429976  0.53119268107783191  0.54223008838747366  0.55281423397833440
  0.56317365033473799  0.57361472637769328  0.58433479047367798  0.59573430907387426
  0.60681914273848370  0.61677424529821301  0.62637655656661106  0.63566112569475663
  0.64509800411364693  0.65475605216509636  0.66446370562242862  0.67444916892741880
  0.68451917900218939  0.69474004691385527  0.70529520432189829  0.71639143397013916
  0.72726942992263166  0.73754349869133451  0.74760236273402825  0.75770789559515683
  0.76797461936832934  0.77823638394827455  0.78856220337914451  0.79872481305422871
  0.80854129040079714  0.81863684603999542  0.82910507600804451  0.84033591465556179
  0.85198364371688806  0.86291713848896889  0.87337177989056891  0.88353901648995170
  0.89344039900519223  0.90295041324772596  0.91230419127560780  0.92199231363038736
  0.93193718108334944  0.94173117509184445  0.95133407333058662  0.96088679517708930
  0.97089137165671724  0.98116180689453969  0.99090853316662042  1.00000000000000000
  0.69927492061028562  0.69995293505415856  0.70150198805871722  0.70303239721053423
  0.70469210386081194  0.70631268574914408  0.70780536975485087  0.70944823517269662
  0.71133326588070167  0.71335684228213758  0.71548090544320786  0.71773915593613491
  0.72003294174656718  0.72225710785519082  0.72438121145504564  0.72641774529087644
  0.72861649430568376  0.73115966240393548  0.73403119668523531  0.73678573498162792
  0.73933802665473325  0.74199237111744665  0.74460664023677581  0.74726910556415249
  0.74990663492589760  0.75250019782733324  0.75512571035164489  0.75776991707209940
  0.76041040815740413  0.76307081080699091  0.76567784531867100  0.76840657516287758
  0.77109663770977055  0.77363081093267050  0.77612959151030603  0.77852153821979975
  0.78087782679660356  0.78324429752344626  0.78564865107430115  0.78821994759777592
  0.79086470783866325  0.79348903069061083  0.79604172806649931  0.79857682853966905
  0.80122357463541671  0.80401591339151379  0.80682641114984988  0.80949341070591485
  0.81201835892340302  0.81451690811646471  0.81709797138519524  0.81971210832076835
  0.82233395029027612  0.82496078683245044  0.82760112183064649  0.83029774382701893
  0.83303090853466422  0.83575652062282491  0.83851915978184621  0.84132429542369924
  0.84417168253268415  0.84704482462964070  0.84987202643787885  0.85278701920578537
  0.85579381758538464  0.85888852241899460  0.86201110906382372  0.86511860752325098
  0.86816658904323363  0.87111448265125957  0.87404817664712431  0.87707985009157907
  0.88020046926328488  0.88330518575259864  0.88646035576940951  0.88969231346385569
  0.89301318249487160  0.89639076553947794  0.89995163747389040  0.90355230591409819
  0.90720139303137337  0.91093731346045237  0.91469873332063234  0.91865109070724593
  0.92284668587078267  0.92722066720697061  0.93191967253845953  0.93683862476881685
  0.94199883607332302  0.94737763292210075  0.95303395286015591  0.95914209901292868
  0.96621399154062915  0.97433214862454165  0.98484708268035814  1.00000000000000000
 -0.01429108127913262  0.08195391048632836  0.11790812584714516  0.14264297028598039
  0.16501271833936493  0.18519230440721332  0.20394183891227213  0.22065924370835549
  0.23579656615239156  0.24946513769461970  0.26082445871957832  0.27095689197232886
  0.28032847120877352  0.28921575165848434  0.29793421706927181  0.30648625377872596
  0.31458833936348551  0.32202624881925196  0.32907732790846939  0.33598767319539091
  0.34308582811912341  0.35008570400294664  0.35692991156013437  0.36363736331537816
  0.37010580449940483  0.37649839114688544  0.38293136467749739  0.38918971268604247
  0.39546281575368453  0.40133083956770166  0.40720674597230633  0.41310616778264053
  0.41893528762337989  0.42462213888290823  0.43008439728678527  0.43535861598096209
  0.44052814680027080  0.44555447533334852  0.45078419241617690  0.45597897902432122
  0.46098098494825446  0.46586565439235811  0.47067560989772744  0.47572970113092689
  0.48088298930279916  0.48607276636732749  0.49122384409602005  0.49628025753825750
  0.50133223079785294  0.50641801941356313  0.51141416407091989  0.51639258568105639
  0.52141325720809772  0.52660224217355722  0.53187480329600190  0.53718086844304835
  0.54236244032635494  0.54728848971571098  0.55214032926894685  0.55719708629432119
  0.56236693223293577  0.56774654517222001  0.57309356556022351  0.57842197370595327
  0.58390202025419624  0.58948944961931871  0.59519298188133074  0.60091927651547083
  0.60690415656655039  0.61332694555520562  0.61999924553997510  0.62671550618869953
  0.63346101979049463  0.64018425119776323  0.64693149140323680  0.65438386831362105
  0.66174917589333782  0.66939414062395064  0.67696014217965406  0.68451953062010318
  0.69237781014071720  0.70051351214386703  0.70936768155775132  0.71891789644920134
  0.72933991044956403  0.74073532449796242  0.75317473214297925  0.76640997440793157
  0.78051173935263096  0.79607353253884616  0.81340238482799221  0.83268597869376493
  0.85464257209467509  0.88161488813659117  0.92040064202342042  1.00000000000000000
   4.8343022652083674E-015  -1.0000000000000000     
 T T T T T T T T T T T T T T T T T T T T T T T T T T T T T T T T T T F F F F T T T T F F F F T T T T F T F T T T T T T T T T T T T T T T T T T T T T T F T F T T T T F F F F T T T T F F F F T T T T T T T T T T T T T T T T T T T T T T T T T T T T T T T T T T T T T T T T T T T T T T T T T T T T T T T T T T T T T T T T T T T T F F F F T T T T F F F F T T T T F T F T T T T T T T T T T T T T F T F T T T T T T F T F T T T T F F F F T T T T F F F F T T T T T T T T T T T T T T T T T T T T T T T T T T T T T T T T T T
  <DiscreteSampler_grid>
  grouped_processes
  1 # 1 for a reference and 2 for a running grid.
  10 # Attribute 'min_bin_probing_points' of the grid.
  1 # Attribute 'grid_mode' of the grid. 1=='default',2=='initialization'
  0.0000000000000000 # Attribute 'small_contrib_threshold' of the grid.
  0.5000000000000000 # Attribute 'damping_power' of the grid.
 # binID   n_entries weight   weight_sqr   abs_weight
    10   10   9.780321766539451E+004   1.919952069385810E+010   9.780321766539451E+004
    11   10   9.780321766539544E+004   1.919952069385857E+010   9.780321766539544E+004
  </DiscreteSampler_grid>
