 -0.00000000000014096  0.00000000003277179  0.00000000022127173  0.00000000059695134
  0.00000000114536933  0.00000000183734024  0.00000000267054517  0.00000000360837912
  0.00000000467552239  0.00000000579279719  0.00000000699240543  0.00000000822293571
  0.00000000960983508  0.00000001099259994  0.00000001253063079  0.00000001419313028
  0.00000001583448415  0.00000001762737955  0.00000001957439533  0.00000002155812611
  0.00000002351060066  0.00000002555513574  0.00000002772785399  0.00000002992593217
  0.00000003204539784  0.00000003406763361  0.00000003611733729  0.00000003821979701
  0.00000004043787735  0.00000004266370915  0.00000004490084740  0.00000004714467988
  0.00000004937875748  0.00000005158886604  0.00000005397785743  0.00000005659830212
  0.00000005933613653  0.00000006208142660  0.00000006477432667  0.00000006744739776
  0.00000007016083524  0.00000007287876546  0.00000007558060050  0.00000007829560867
  0.00000008149385092  0.00000008464057859  0.00000008776778968  0.00000009089590873
  0.00000009408442010  0.00000009736232933  0.00000010072563839  0.00000010420417170
  0.00000010757321063  0.00000011089581781  0.00000011427230503  0.00000011797738144
  0.00000012190579766  0.00000012588099356  0.00000012982932152  0.00000013386228172
  0.00000013813489163  0.00000014250178717  0.00000014692118666  0.00000015137496310
  0.00000015583792305  0.00000016022661852  0.00000016475533812  0.00000016920764420
  0.00000017441830188  0.00000018003835415  0.00000018571554613  0.00000019155049613
  0.00000019751077019  0.00000020356040350  0.00000020969002267  0.00000021589350074
  0.00000022215369107  0.00000022842190659  0.00000023477242247  0.00000024181565651
  0.00000024942689033  0.00000025861817046  0.00000026905305746  0.00000027947228060
  0.00000028976560838  0.00000030035265159  0.00000031131106965  0.00000032288985342
  0.00000033528584507  0.00000034859190242  0.00000036712608604  0.00000039664300666
  0.00000043370067870  0.00000049896052491  0.00000060089733681  1.00000000000000000
  0.00896103050378638  0.01760976910323395  0.02883018567208253  0.04140057087823575
  0.05211535636010070  0.06287456679529201  0.07238433630765814  0.08215984512756562
  0.09192699376539631  0.10191230474004474  0.11211628976853344  0.12233342873006367
  0.13294015364232326  0.14378845621057545  0.15440361753912890  0.16502625957722511
  0.17580909452560742  0.18642393102211816  0.19651366218568408  0.20634532704854844
  0.21614685907261968  0.22580626730165057  0.23502621903410514  0.24406541074173982
  0.25354830060739159  0.26347016829121828  0.27372390058848106  0.28389880556414754
  0.29427481257644739  0.30540355898240540  0.31731291183233534  0.32903768974808345
  0.33965725553354603  0.34966611593181035  0.35992065285070834  0.37033266429964717
  0.37996345569099294  0.38848029095654613  0.39695975867982153  0.40603239024027826
  0.41560055195129963  0.42528781085336981  0.43507631504247518  0.44550840298845779
  0.45646977372406977  0.46707654957473982  0.47711816105321575  0.48689988836163567
  0.49658289523962579  0.50744909495480450  0.51837855598459381  0.52873262638945273
  0.53925737490336634  0.55021315811191729  0.56101261082084364  0.57122920323866699
  0.58127499299289809  0.59207490509776028  0.60340198956573510  0.61447885966984428
  0.62568059105015927  0.63719691019041813  0.64892478549712085  0.66006760227554551
  0.67117889539612507  0.68187407261953648  0.69259215504067639  0.70331320452187684
  0.71328898191048651  0.72286982449744908  0.73277417108644571  0.74358418562058604
  0.75384464945473773  0.76396206020117186  0.77388105929203965  0.78406040154710244
  0.79422695684751610  0.80414048046411735  0.81381279360860692  0.82299688140736826
  0.83238090340383641  0.84221739386471950  0.85247428084004284  0.86268166194576579
  0.87312505544170194  0.88387141825068449  0.89506924907701457  0.90600030749642346
  0.91746419673953572  0.92936746207476073  0.94131066686952525  0.95188747415747876
  0.96279437062466777  0.97422005845894610  0.98657621599245005  1.00000000000000000
  0.00909181892110295  0.01656278744812778  0.02716295663852308  0.03725138066680667
  0.04801468796565943  0.05900758136834182  0.07075502098991365  0.08252725279510696
  0.09504149645179139  0.10799068352989384  0.12083998423299527  0.13344724165292651
  0.14600536479922691  0.15874036302215300  0.17166052581395749  0.18399774001346406
  0.19545357260507851  0.20590794581532113  0.21603592991986101  0.22634087964506758
  0.23586061038272696  0.24529766896948169  0.25462352161909907  0.26434215686332052
  0.27398294878084267  0.28417333722571264  0.29466879229487775  0.30569568682182491
  0.31638035172754575  0.32662286378002664  0.33704376512625156  0.34753737437952842
  0.35801732580945617  0.36805709049104518  0.37835525135905579  0.38947904165666292
  0.40031017968375521  0.40980500231516120  0.42030871031224343  0.43056040013153013
  0.44087493937210348  0.45084222392594231  0.46073559818376597  0.47078904007858219
  0.48046470464429658  0.49001415479212335  0.49992502755602763  0.51051484607401709
  0.52106520780426302  0.53117711862783712  0.54127084722872798  0.55174961603771033
  0.56228603045029235  0.57229897138372099  0.58221193026250206  0.59271777892023647
  0.60336571695665575  0.61337101303117125  0.62317634555780443  0.63308969533657544
  0.64310552608812921  0.65337150408145539  0.66377840040102476  0.67476234338219976
  0.68585903311190854  0.69638750111455383  0.70694868431179314  0.71725646780556418
  0.72728750051830027  0.73715899371154681  0.74635864838160593  0.75639482467647390
  0.76697346045694048  0.77774202551555782  0.78866707602791342  0.79874608821090631
  0.80843498308370676  0.81799865653753245  0.82785757411651850  0.83731280506091155
  0.84649910274507600  0.85541812697736352  0.86512581514586495  0.87502930459376027
  0.88390817092984930  0.89293946737547525  0.90208572776119378  0.91141655358211526
  0.92050166412102008  0.92963909774570552  0.93896887962128295  0.94863530406256669
  0.95900654817529352  0.97091804348530053  0.98496851360107873  1.00000000000000000
 -0.00245441807758871  0.00946551589210662  0.02104888516562330  0.03249289991718945
  0.04433214361544022  0.05635488687538752  0.06808713863357112  0.07942982953335197
  0.09057043434926357  0.10168740612410358  0.11332877631644256  0.12473818090878253
  0.13512657246240256  0.14542483807282644  0.15583064771754893  0.16610581504593053
  0.17639457881052237  0.18662384960943298  0.19699965223779892  0.20739166479930138
  0.21782057783551190  0.22840052702225011  0.23882207623176976  0.24934395632281381
  0.26048272676601009  0.27161175833054690  0.28196901031439747  0.29211883697758589
  0.30268761338143257  0.31339530685805300  0.32380742713023242  0.33384986471784467
  0.34388591420260511  0.35382113765661416  0.36326022064994734  0.37248199899600420
  0.38151353573740687  0.39047490078762787  0.39956659991389759  0.40856107508557593
  0.41778220639284891  0.42788284266883808  0.43829048311268426  0.44863108760475234
  0.45921369830648273  0.46941549801822352  0.47986606473459886  0.49082509388010331
  0.50158920900767712  0.51284872018569239  0.52416277652632182  0.53632904090509681
  0.54824074213095464  0.55896322188559056  0.57012835262117856  0.58146336040671320
  0.59269284841070968  0.60377354916078863  0.61491099645815384  0.62572519438286611
  0.63553639876210155  0.64574974512974925  0.65599175476624039  0.66593669896652008
  0.67544465791710795  0.68469577673169280  0.69532421460082638  0.70651450807463978
  0.71757610521371551  0.72816425553975928  0.73909779971788225  0.74967651423071624
  0.75973610385894974  0.77006604918260968  0.78110497694315395  0.79227358917939572
  0.80282800480567518  0.81281290750922552  0.82187847663732183  0.83062599178301710
  0.83933643618109388  0.84777912364069474  0.85645521191737406  0.86568553313347596
  0.87550364195850672  0.88660848285883453  0.89759949666193073  0.90820025199249554
  0.91890154071230601  0.92979885583597655  0.94026998724774113  0.95065600837417774
  0.96169366960666003  0.97385621198076233  0.98662301913556594  1.00000000000000000
 -0.00195092677806442  0.00819492768543720  0.01689137312120600  0.02565225434947281
  0.03424332787646654  0.04282572280470846  0.05173652503877460  0.06128786250996168
  0.07170132447135166  0.08268934116267967  0.09372704506123816  0.10462364971872888
  0.11551083550827100  0.12658805495157879  0.13792665013716918  0.14936951091860995
  0.16084578006104230  0.17266487183821544  0.18455769011366510  0.19591567502357635
  0.20666271107392825  0.21786167906254231  0.22916768576984597  0.24038177559093565
  0.25149049955294961  0.26299676577866971  0.27457270867381101  0.28727053455492674
  0.29872874962129731  0.31034536711009453  0.32145049413905180  0.33209868820107835
  0.34217597519415166  0.35170927479488118  0.36081055066724210  0.36927980179392550
  0.37790068293006901  0.38719982840895983  0.39706290193265059  0.40743464428222320
  0.41767680127951423  0.42875837219467072  0.43989234315463249  0.45109330021787303
  0.46288395699599544  0.47447538430930675  0.48591788454585866  0.49619299864929406
  0.50751157836536187  0.51915263297772130  0.52831741540456079  0.53759981981210714
  0.54737478359293013  0.55732031899557277  0.56709873320705351  0.57666938761230013
  0.58644568018728249  0.59664636442704611  0.60663861457490997  0.61660875001682991
  0.62643105337411598  0.63637487913373458  0.64672023873629036  0.65818793267044495
  0.67102922004992127  0.68402720137505935  0.69595185716279229  0.70704670912080747
  0.71779255684730581  0.72839189298533114  0.73878223810465993  0.74922386580559841
  0.76002942875461721  0.77103465145044114  0.78202117041297792  0.79282574588956356
  0.80331667672107021  0.81350827021283589  0.82344571391777377  0.83378003908714249
  0.84473367819633394  0.85537338998995205  0.86514095840771332  0.87466669617062276
  0.88425993976522876  0.89384782204866686  0.90349825064436506  0.91348283884329440
  0.92430361341245904  0.93522673334310658  0.94685314560688072  0.95881792596424420
  0.96989841796102960  0.98023035877363118  0.99036653091057514  1.00000000000000000
 -0.00276304034321214  0.01083613489084344  0.02223238934079339  0.03358176305910786
  0.04603305744281815  0.05838298523696284  0.06923298755561258  0.07886138941326538
  0.08855263292734721  0.09853849042949515  0.10848049611366690  0.11785559946753307
  0.12749180220412934  0.13771431550217733  0.14779291666749159  0.15763403722653752
  0.16792322406954785  0.17863126956186068  0.18906801036637669  0.19927091946754219
  0.20990869375358370  0.22109414232215654  0.23230496074127360  0.24317068969092695
  0.25381749547161503  0.26458130458958529  0.27523738383226176  0.28566553932919231
  0.29592647677428768  0.30658790300503097  0.31869554599723277  0.33162060906577445
  0.34373281375991227  0.35512086094536061  0.36697285501516580  0.37873447838755220
  0.38971635579715919  0.40103180832819879  0.41268515956861423  0.42433140808284958
  0.43546869040638581  0.44712309402867434  0.45906415998972006  0.47117319615835873
  0.48386809317259522  0.49676431272077165  0.50960158877997752  0.52181048179692169
  0.53162914806546335  0.54147064796963729  0.55167755724338674  0.56193012447869362
  0.57191009856179520  0.58226861922051742  0.59365840633383515  0.60599280756254048
  0.61851299667549364  0.63053515778385028  0.64169548764864581  0.65102533829156972
  0.65997638904204670  0.66934382358364086  0.67853006509870917  0.68793864646972869
  0.69707287527409578  0.70605820935441854  0.71591059750760355  0.72648078798455418
  0.73687856622227799  0.74708203260531103  0.75714064835223882  0.76699465119650079
  0.77694293555893057  0.78699607168160290  0.79677211091872790  0.80615573385871886
  0.81565553212005626  0.82570068060390234  0.83584412596026203  0.84555454252892948
  0.85469879714182762  0.86381574721447107  0.87336404823257074  0.88307657116741456
  0.89225395726566803  0.90088544388133773  0.90925313729794754  0.91806547113664283
  0.92718822092190412  0.93656748422221126  0.94609496123077941  0.95638169207193735
  0.96726777423331134  0.97835513490291504  0.98925021942286318  1.00000000000000000
 -0.00245447692531675  0.00894340766229601  0.01890037480514153  0.02938478803119971
  0.03968185316682329  0.05024100790021204  0.06121409990314157  0.07158503220907628
  0.08145453235098901  0.09105994003016145  0.10062989795209722  0.11012630302301836
  0.11985732159102455  0.13004196277880156  0.14076306620864046  0.15112871275503598
  0.16210403239107438  0.17326928709582085  0.18463581751567018  0.19572071853193154
  0.20708655536779400  0.21736206661147936  0.22864916280099776  0.23982257383680325
  0.25020764356016068  0.25958869758715686  0.26885673060851406  0.27880549298988427
  0.28994991492715466  0.30087576497644319  0.31194410959921270  0.32278199875597319
  0.33398425561106204  0.34482673797863983  0.35567848752593811  0.36661874421585655
  0.37739837012478694  0.38765268512153334  0.39786071160109721  0.40826561688578172
  0.41864491898574546  0.42880159264348122  0.43882899938448150  0.44904386347330316
  0.45976247970998985  0.47093470033817192  0.48247323662736463  0.49383949603057103
  0.50532471848545313  0.51689614503237757  0.52757213784693335  0.53809958128682511
  0.54969832665835139  0.56180049891785355  0.57188672774945348  0.58154202910653108
  0.59121913897656075  0.60052962718029834  0.60973093265240530  0.61912453214587582
  0.62985265057777795  0.64185838942982343  0.65329629225534525  0.66405606299233066
  0.67373601565577146  0.68300314495224501  0.69241737695739036  0.70210472559555148
  0.71192492948249619  0.72150045303906007  0.73121201721653029  0.74181177880871940
  0.75303257810769930  0.76430356275266420  0.77535343841592497  0.78589772739162378
  0.79652460311539608  0.80758822661760654  0.81917340989689502  0.83115942627700379
  0.84253985654648855  0.85379428864703200  0.86410319396417712  0.87436796656771953
  0.88449832551270069  0.89440372045535410  0.90450409580833147  0.91446240287342140
  0.92435988785641887  0.93433806044031609  0.94471362424986716  0.95544534080790711
  0.96627964237068220  0.97719026171526024  0.98888453053591374  1.00000000000000000
 -0.00246269785668289  0.01008659257022202  0.02105238878475668  0.03210830040453546
  0.04339212735032468  0.05432905415229615  0.06515219674450486  0.07570457645537659
  0.08680112591933585  0.09820342066933402  0.11055255017456248  0.12415813654017349
  0.13822189301301765  0.15110056300666563  0.16138970610098072  0.17174833880603874
  0.18257156593408816  0.19334305506216620  0.20341161507785172  0.21323608249565862
  0.22337892199344214  0.23373350991268044  0.24429186978244860  0.25483949997590677
  0.26508629825370050  0.27640305305785445  0.28876839448544200  0.30113007238903400
  0.31229946458326563  0.32361862473758191  0.33518967035797781  0.34648193757468926
  0.35884590733291438  0.37080031763646182  0.38237913396889456  0.39322152238304953
  0.40330107229236606  0.41294823520479218  0.42252123140741349  0.43145804513296721
  0.44040935946923088  0.44925528606604842  0.45838970875541751  0.46797356132121781
  0.47773382745655540  0.48799980169188245  0.49858007513901959  0.50866702943746034
  0.51871752428680928  0.52990398857725429  0.54161367620274514  0.55222451700693787
  0.56232229725328853  0.57274495046796192  0.58372929783297689  0.59456976554717889
  0.60503906654756856  0.61544543509981076  0.62621359213834416  0.63753451056824462
  0.64889638289183038  0.65989680451508392  0.67071068144530499  0.68158193817871793
  0.69233377358249915  0.70345457567903202  0.71421670680648219  0.72516524310915642
  0.73604850998113991  0.74647248983612147  0.75673658169399838  0.76730903823559993
  0.77814668629074690  0.78914523154200322  0.79985640546083481  0.81060707626441042
  0.81971292908303961  0.82815191807988353  0.83663863102484060  0.84551324168897279
  0.85445675469231919  0.86307411040239679  0.87155385051552259  0.88033369322594335
  0.88974028111302839  0.89939012341835400  0.90878793987871231  0.91807534834277582
  0.92814011182698786  0.93793499488360055  0.94771113755831737  0.95766997524690156
  0.96824703041675686  0.97866969690874461  0.98948057838695025  1.00000000000000000
 -0.00280228754856785  0.00929247243351197  0.01988375211416706  0.03052018618768198
  0.04159965126088328  0.05293871748292456  0.06406500190951715  0.07501811282722229
  0.08556251510572602  0.09568584296849025  0.10534880681941236  0.11422242158023437
  0.12308957255193941  0.13191797323492183  0.14095197938357934  0.15049221573040023
  0.16050966221567170  0.17010673286629224  0.18007503225597007  0.19016000747073822
  0.20044760343639595  0.21102195355777947  0.22153769604572796  0.23252229810136191
  0.24434719947764719  0.25518855604959445  0.26553570522243480  0.27611930454815742
  0.28733951998651874  0.29774445611752237  0.30759451854697040  0.31815609073191420
  0.32916953648020625  0.33992292256559226  0.35051678129276370  0.36181172981298193
  0.37240799074957548  0.38293952693040301  0.39373747225965561  0.40463369396432464
  0.41504642956189519  0.42492250859869241  0.43519105538601899  0.44587970658077125
  0.45669256810552700  0.46759749845458065  0.47888500815504775  0.49068268855683611
  0.50259304999011634  0.51417419395883390  0.52556143186581739  0.53704360276352170
  0.54785851448710954  0.55797020500573746  0.56794115337836060  0.57769980536605681
  0.58706717218951865  0.59627783326008965  0.60612053458670778  0.61703281921671416
  0.62809343510494275  0.63893080638094735  0.64990532773496623  0.66078961469483721
  0.67148701677479816  0.68227772986265856  0.69318860168718899  0.70394002662045663
  0.71441643325144522  0.72501606334364455  0.73574824527133720  0.74631946527024062
  0.75676685921591258  0.76718915395945253  0.77760967471855291  0.78801005891375997
  0.79851436637428252  0.80951995392096732  0.82058451319444270  0.83162035728924133
  0.84224683475740481  0.85252030176531413  0.86265416272756923  0.87276320562796739
  0.88257007660216713  0.89181244418067018  0.90070149699905155  0.90928459599501521
  0.91823506929681964  0.92796961574351489  0.93816900947495763  0.94930394499019344
  0.96147354352782455  0.97425434566258418  0.98765741208701319  1.00000000000000000
 -0.02319734916916626  0.18445418498358634  0.25194617044594009  0.29487182349491098
  0.33277946247220314  0.36195006099236210  0.38559494583910892  0.40807060997014488
  0.42910660783905630  0.44824725865719289  0.46518416167555116  0.48052445052642467
  0.49530955002601823  0.50897260843027370  0.52188913947869175  0.53449061414949983
  0.54676017233337104  0.55846227139582971  0.56974304093032380  0.58043696693598268
  0.59039367028574585  0.59976436088274876  0.60920280310999508  0.61840473947785468
  0.62720912537305440  0.63574892974851405  0.64402977289552887  0.65208095881268768
  0.65997757902469500  0.66768800524584959  0.67515098552886754  0.68224640962668259
  0.68916529267829296  0.69550152141569777  0.70182227671919162  0.70817319814820012
  0.71471051093721483  0.72121143829492740  0.72763880442661488  0.73396151174574620
  0.74014915675605575  0.74622016827640314  0.75191171931096989  0.75739043035864451
  0.76291806724661326  0.76852596254189354  0.77418858821962266  0.77985626115899853
  0.78541806262004876  0.79083206488796987  0.79623525221306357  0.80146147238514776
  0.80664924222792234  0.81172641758273856  0.81641085047285311  0.82075423673026171
  0.82506564176523944  0.82938661153054327  0.83376967252768119  0.83821755125511532
  0.84276488018817453  0.84735257959752830  0.85173428327472356  0.85586864371025639
  0.85972765468013113  0.86345206422858944  0.86724523265686593  0.87118284019621928
  0.87516589075696327  0.87913386601203780  0.88316592917873293  0.88714268295751919
  0.89098995245526225  0.89492841603015327  0.89878408049726322  0.90276588538015734
  0.90669849433099070  0.91057793276309484  0.91450387470235650  0.91844306757409078
  0.92226310101757869  0.92595149419344192  0.92966654322488274  0.93324881921655911
  0.93748149191871055  0.94190999023410149  0.94638063331637057  0.95085664700632366
  0.95543326805090123  0.96035078495025095  0.96593683780709694  0.97169146192509137
  0.97691362770340229  0.98197559927139444  0.99058605707287373  1.00000000000000000
 -0.00300101092918633  0.01249916200590444  0.02529245664475815  0.03723930453573206
  0.04865830884765328  0.05993815393313694  0.07145098640259395  0.08299696215545961
  0.09465321617202717  0.10626721156361493  0.11772023863350609  0.12974630112549135
  0.14240136078602994  0.15475835213349728  0.16673771698727283  0.17843236480726871
  0.19013201373286673  0.20010564593969712  0.20999409030793251  0.21906685019703098
  0.22804435041069510  0.23684382658591080  0.24518821506919161  0.25349198705168829
  0.26212185431150647  0.27116080245648216  0.28070299591796222  0.28984222432311574
  0.29940096021584461  0.30867052401526723  0.31807146965562844  0.32811488895640223
  0.33792312571913591  0.34874318509597979  0.35880281610187459  0.36888782437985573
  0.37902958526445868  0.38924468070248153  0.39968926161355628  0.41035834896272955
  0.42208750967958519  0.43413558729025392  0.44495362524285348  0.45474812325938746
  0.46473524837437669  0.47500676583729806  0.48547974900929164  0.49537571404851266
  0.50556770337432688  0.51676280954852261  0.52729854585222713  0.53809020972393151
  0.54990800351172575  0.56229182448045001  0.57122037641979007  0.58004263852094728
  0.58952442006738848  0.59976183926305549  0.60943361371635696  0.61845504478824531
  0.62799513592026479  0.63891826370343885  0.64977120055222382  0.66013741838076134
  0.67153637533034127  0.68351192414553630  0.69497042662893371  0.70549164782798934
  0.71528364601976202  0.72516426452642491  0.73515868804703144  0.74517481145280196
  0.75526420677352935  0.76515724576539057  0.77585061632896213  0.78647963328781467
  0.79766903141198786  0.80909994122287687  0.82017960841897475  0.83082744727997582
  0.84148587717187961  0.85271777516835567  0.86473791717454973  0.87673595487002176
  0.88792850468330908  0.89873294955483451  0.90869525232494019  0.91866391747064835
  0.92827773904454769  0.93714462009064714  0.94604085330013232  0.95506876400077390
  0.96574613047230795  0.97664551556300971  0.98830180903027753  1.00000000000000000
  0.53756665027571748  0.54066049514851766  0.54707484223092950  0.55457970077681840
  0.56081718433138861  0.56629164435932844  0.57171443425829316  0.57723860678013050
  0.58271416638501183  0.58840898105540307  0.59399648523621484  0.59951074611981325
  0.60517412127147663  0.61102602562447272  0.61668889425257289  0.62212162815237371
  0.62771955287774128  0.63337911155208293  0.63886248258084610  0.64412181843795979
  0.64905486817032321  0.65371054749738300  0.65848747062196655  0.66342863897461857
  0.66822864202812704  0.67288034344059311  0.67750252620163298  0.68230748595472390
  0.68709497692527244  0.69139978870279362  0.69555772095534518  0.69975661152815727
  0.70415460045438982  0.70868416083062358  0.71318673593289550  0.71759088499650070
  0.72182795872920724  0.72595621013891065  0.73003200955822622  0.73403272872141168
  0.73810329771554284  0.74214010225173155  0.74635664367578380  0.75052476121852885
  0.75455329284203454  0.75849468362904937  0.76242389995314042  0.76633363680206668
  0.77016711886557621  0.77396127769773826  0.77775954316013785  0.78154104359621501
  0.78529712605785840  0.78895727263583282  0.79247002077820350  0.79582524362938745
  0.79926827344021123  0.80268608945146769  0.80624162988746473  0.80989744663082686
  0.81375357031827567  0.81761177413176522  0.82144142106057672  0.82532612213834822
  0.82933861224822991  0.83345746765253415  0.83742393864144526  0.84138040073767817
  0.84533101878203343  0.84921214086479013  0.85300134104356784  0.85676413723433031
  0.86067096775520224  0.86479343687493004  0.86901645655284399  0.87316506861013754
  0.87735492022697503  0.88157380954718090  0.88583254741326545  0.89017422558125758
  0.89455837188244391  0.89884902849962134  0.90306458261659650  0.90737206670968928
  0.91186624534016558  0.91670490635091573  0.92216218355501911  0.92787889829257530
  0.93362724909293360  0.93970571388154622  0.94661894880954045  0.95365346259845751
  0.96140723718405197  0.97038430506303486  0.98200684255866832  1.00000000000000000
 -0.00863717347717414  0.05344802592091375  0.07988603099354875  0.09603028081140394
  0.10760392305112086  0.11673850812481212  0.12523989071236760  0.13304458382205386
  0.14075612910997359  0.14804768097970158  0.15508757723199196  0.16185116916838996
  0.16872643978280127  0.17599590056576880  0.18300839213738679  0.18963624571431670
  0.19574716132742806  0.20171456648807412  0.20779201903881292  0.21400464671549368
  0.22030672761899667  0.22663263741750694  0.23255796576626248  0.23798055056749212
  0.24314242504684372  0.24843549162729101  0.25407702755760864  0.26014729281628468
  0.26640248120800708  0.27237549826029611  0.27784713397034239  0.28328317859114988
  0.28851070916626531  0.29364095194842604  0.29855293966281859  0.30341594183221643
  0.30834597815288889  0.31330740750724784  0.31823775940406890  0.32318582751384611
  0.32815043456766596  0.33309164947079817  0.33807479307996313  0.34318648314956784
  0.34856085313162199  0.35389860329754147  0.35966955333407047  0.36519862223861749
  0.37068246084873124  0.37624600226481303  0.38177265977113789  0.38719298913453143
  0.39247939825414757  0.39775279976124206  0.40318120609710717  0.40874098780313689
  0.41443320701646585  0.42031934338195193  0.42650194163660560  0.43277762130814978
  0.43937781279455457  0.44631656360675287  0.45324126934282083  0.46013174365850212
  0.46731632325838313  0.47453944386050118  0.48181116112962913  0.48874103672738967
  0.49562000576765619  0.50273113442981732  0.50998298048346569  0.51746498166364130
  0.52500271747558758  0.53263608095040693  0.54060023073779029  0.54899159816984167
  0.55792984511299759  0.56712400030726251  0.57646213856814676  0.58650270357314460
  0.59749424962088760  0.60925713186448605  0.62107190188841999  0.63260409272061824
  0.64418389755911543  0.65617587412992562  0.66802384378337365  0.68036366143854832
  0.69455886635947639  0.71104942525321768  0.72931911901100210  0.75171185204419777
  0.77607594415411618  0.80590017955083881  0.85267987645591914  1.00000000000000000
   1.8441100013388020E-017  -1.0000000000000000     
 F F F F F F F F F F F F F F F F T T T T T T T T T T T T T T T T T T T T T T T T T T T T T T T T F F F F F F F F F F F F F F F F F F F F F F F F F F F F F F F F T T T T T T T T T T T T T T T T T T T T T T T T T T T T T T T T F F F F F F F F F F F F F F F F F F F F F F F F F F F F F F F F T T T T T T T T T T T T T T T T T T T T T T T T T T T T T T T T F F F F F F F F F F F F F F F F F F F F F F F F F F F F F F F F T T T T T T T T T T T T T T T T T T T T T T T T T T T T T T T T F F F F F F F F F F F F F F F F
  <DiscreteSampler_grid>
  grouped_processes
  1 # 1 for a reference and 2 for a running grid.
  10 # Attribute 'min_bin_probing_points' of the grid.
  1 # Attribute 'grid_mode' of the grid. 1=='default',2=='initialization'
  0.0000000000000000 # Attribute 'small_contrib_threshold' of the grid.
  0.5000000000000000 # Attribute 'damping_power' of the grid.
 # binID   n_entries weight   weight_sqr   abs_weight
    19   10   5.254625963511856E-001   1.007847306128652E+000   5.254625963511856E-001
    20   10   5.254625963511852E-001   1.007847306128650E+000   5.254625963511852E-001
    22   10   2.909820201396525E-001   3.090601245752206E-001   2.909820201396525E-001
    23   10   2.909820201396522E-001   3.090601245752199E-001   2.909820201396522E-001
    25   10   5.254648432226974E-001   1.007853990735026E+000   5.254648432226974E-001
    26   10   5.254648432226970E-001   1.007853990735025E+000   5.254648432226970E-001
    28   10   2.909818955656377E-001   3.090599193416559E-001   2.909818955656377E-001
    29   10   2.909818955656375E-001   3.090599193416555E-001   2.909818955656375E-001
  </DiscreteSampler_grid>
