 -0.00000000000647351  0.00000000019356029  0.00000000080965974  0.00000000164515355
  0.00000000269613364  0.00000000382237126  0.00000000505298556  0.00000000640987132
  0.00000000785191285  0.00000000940133680  0.00000001097623181  0.00000001262964247
  0.00000001437355461  0.00000001613458346  0.00000001795121203  0.00000001987900735
  0.00000002179729329  0.00000002367499061  0.00000002556390064  0.00000002748597058
  0.00000002943327447  0.00000003141120686  0.00000003342687541  0.00000003549734910
  0.00000003759070480  0.00000003983653456  0.00000004209143359  0.00000004440067377
  0.00000004677138806  0.00000004917849024  0.00000005144815755  0.00000005381037061
  0.00000005639530214  0.00000005904311055  0.00000006166855204  0.00000006425740138
  0.00000006682859283  0.00000006938987847  0.00000007191289914  0.00000007446199233
  0.00000007703758314  0.00000007971612592  0.00000008285433186  0.00000008599871340
  0.00000008914309021  0.00000009229476108  0.00000009538918330  0.00000009850201443
  0.00000010166810573  0.00000010488075550  0.00000010813041778  0.00000011143723179
  0.00000011488230228  0.00000011853107145  0.00000012230955086  0.00000012606438448
  0.00000012976270947  0.00000013350599356  0.00000013730848214  0.00000014124201520
  0.00000014525259936  0.00000014926973314  0.00000015332104162  0.00000015738349006
  0.00000016148767195  0.00000016580605904  0.00000017033028499  0.00000017506051618
  0.00000017996783955  0.00000018499548249  0.00000019013782307  0.00000019533494999
  0.00000020061095055  0.00000020598865481  0.00000021145140492  0.00000021699244804
  0.00000022269450954  0.00000022870928368  0.00000023486065509  0.00000024096431812
  0.00000024754062652  0.00000025515927277  0.00000026329900426  0.00000027165005308
  0.00000028044741693  0.00000028990743570  0.00000029996507230  0.00000031072463500
  0.00000032233451502  0.00000033469945772  0.00000034823194708  0.00000036451220772
  0.00000039010707353  0.00000042426231305  0.00001210633343621  1.00000000000000000
  0.00935025084404520  0.01671723037497806  0.02736931828985830  0.03855631349383236
  0.04923057676811800  0.05946938420334916  0.06985687189935913  0.07971299639388121
  0.08965727933346883  0.09989075333982414  0.11039955171232646  0.12134625994399489
  0.13329243528815105  0.14576826685732774  0.15734841355604975  0.16827553000390405
  0.17879654137049289  0.18953486125756572  0.20061641998160135  0.21163673235233035
  0.22220749787044566  0.23219900469649987  0.24259581981255124  0.25283216146339643
  0.26283944779387097  0.27326746614156866  0.28405706740236791  0.29464472937338582
  0.30463139395854866  0.31472302334407182  0.32491742021087011  0.33501561020282750
  0.34483654874802289  0.35448977119369834  0.36437242718111523  0.37434547190003176
  0.38459962156371352  0.39484455845825039  0.40515110871929483  0.41520308965677399
  0.42537050868696602  0.43567977355892679  0.44638759620603224  0.45723857606003626
  0.46843628067160503  0.47928624955462951  0.48941748427007437  0.49940867295620950
  0.50937811962705548  0.51991561355348692  0.52988878083546997  0.53974862171328841
  0.54958104374653682  0.55983330679771925  0.57022903164974392  0.58045846237117638
  0.59068820614219897  0.60141043638858116  0.61227263779275298  0.62338918175265134
  0.63470434221242322  0.64600938777906824  0.65722816276173079  0.66834612223908740
  0.67958409149316845  0.69058451039445612  0.70104368345084977  0.71157275366123274
  0.72203478254961884  0.73242996580575304  0.74261399066104816  0.75295321469811483
  0.76326524003189744  0.77327618839218659  0.78295282101241559  0.79259747470447928
  0.80233427791520695  0.81224117448250388  0.82186605516682076  0.83143981897149821
  0.84122388332482234  0.85110050714134933  0.86094025902824289  0.87057828542238980
  0.88162946830344657  0.89351566892561485  0.90532692953911553  0.91704234395462048
  0.92883328503911922  0.94094063703558151  0.95266692049321866  0.96366583810547335
  0.97339571085781096  0.98284424920406632  0.99108992430154919  1.00000000000000000
  0.00967756411366027  0.01570774381678954  0.02543973109957618  0.03607891472456821
  0.04664388966623374  0.05687123656357863  0.06689037887973269  0.07700363968022735
  0.08737500426105597  0.09805359406966373  0.10884404339113904  0.11951164103695519
  0.13001845624196454  0.14048166740047299  0.15102435643910958  0.16210131310708206
  0.17328538976592059  0.18407281068429585  0.19475705986840311  0.20521550343969894
  0.21553439243084083  0.22567486241750023  0.23585177252266989  0.24648363085667169
  0.25766627413247045  0.26933433396097356  0.28023256352515485  0.29035552624725813
  0.30072728053446912  0.31107889498379382  0.32162709770733766  0.33178403209810736
  0.34199581300972015  0.35188657086939762  0.36150748207947297  0.37099535682363244
  0.38048630186534083  0.39014246876221165  0.40020163651725293  0.41054699910413989
  0.42099911524528461  0.43171665647090118  0.44294805379068397  0.45465695258723232
  0.46631934128399405  0.47755175078980872  0.48874081176020212  0.49999474391384452
  0.51108584234709309  0.52216518962735681  0.53306282537575789  0.54376300531161093
  0.55433369280173461  0.56503316729224762  0.57595594792038396  0.58634982027356075
  0.59679550629710976  0.60726155769585388  0.61805181711951762  0.62902409590960651
  0.64024087009078867  0.65119705031684538  0.66196452243158865  0.67254437395360933
  0.68325658881660933  0.69419214270429719  0.70500676948872809  0.71539508253424844
  0.72564737261083145  0.73581774141355172  0.74581675662910973  0.75567955651554497
  0.76572425532687149  0.77620369512512810  0.78654716826574245  0.79601793312459246
  0.80539840507428462  0.81560032020219653  0.82540907402555130  0.83490575466994577
  0.84527926928448816  0.85599763448090471  0.86734684649917770  0.87793722511458905
  0.88836434855064428  0.89871725652854761  0.90898927638668514  0.91901108039147739
  0.92978283361859959  0.94073634305832599  0.95155810087994286  0.96243804942259870
  0.97235325497539316  0.98252929517737553  0.99119343931823578  1.00000000000000000
  0.00003870043198105  0.00004084879176295  0.00004285528539075  0.00004492996812675
  0.00004672257061428  0.00004843973200315  0.00005010627918693  0.00005168262437404
  0.00005333935741287  0.00005498108280661  0.00005660162683759  0.00005822759137191
  0.00005985259305715  0.00006148494303783  0.00006313450579970  0.00006478977649725
  0.00006645212696772  0.00006812286730956  0.00006976631959541  0.00007142216082379
  0.00007313008887067  0.00007480755716575  0.00007653615270138  0.00007831474629930
  0.00008009936369722  0.00008187041737457  0.00008364679739105  0.00008545576306562
  0.00008731649478229  0.00008931971966613  0.00009142372219759  0.00009351970998649
  0.00009559328764689  0.00009768254813340  0.00009974436503481  0.00010177302030832
  0.00010403440279347  0.00010636019103818  0.00010873999036322  0.00011114487966634
  0.00011356457715830  0.00011603644552897  0.00011860187203371  0.00012130841412972
  0.00012418267857677  0.00012715934290905  0.00013017700115506  0.00013325825387741
  0.00013647728453469  0.00013991717048631  0.00014358660982826  0.00014740731561459
  0.00015123047969258  0.00015513666184252  0.00015918034649960  0.00016371993834190
  0.00016841597523987  0.00017337566217685  0.00017854002001133  0.00018389890360650
  0.00018958520060945  0.00019564508983485  0.00020206922440079  0.00020915545172500
  0.00021677961805839  0.00022484917040171  0.00023323417450517  0.00024201163119115
  0.00025183958726609  0.00026351119556863  0.00027648475499330  0.00029010471955847
  0.00030535138804004  0.00032260821639048  0.00034167049399970  0.00036314978523977
  0.00038655334543837  0.00041181090442464  0.00043998481062840  0.00047240927478734
  0.00051199069228788  0.00055809379299270  0.00060732519040697  0.00066310384359186
  0.00073427717138464  0.00082522933682647  0.00094779106734289  0.00111028931621969
  0.00131675540792988  0.00157855448332310  0.00199479191865149  0.00253577675464205
  0.00321592018459343  0.00463910940472918  0.06717219506075546  1.00000000000000000
 -0.00241738401295706  0.00930632474076798  0.01979673275922703  0.02979591515756707
  0.04019385970945820  0.05037839641074011  0.06123449836826424  0.07182000689632460
  0.08235333845681246  0.09338517363145525  0.10475360557592882  0.11596242483607885
  0.12684933940080556  0.13661295281182134  0.14607937613863492  0.15579066606594677
  0.16567725559408758  0.17651904628039938  0.18728230819289618  0.19762317289668915
  0.20754339783949202  0.21780695594416907  0.22818603258143938  0.23851087475812272
  0.24854324527513794  0.25908608059310712  0.27004318647341607  0.28083811262567926
  0.29143272008056420  0.30181766862318721  0.31234640394834151  0.32253893265988004
  0.33282837312773222  0.34300089935259664  0.35290001784217073  0.36271032301891981
  0.37255128963946782  0.38296711412440931  0.39341262540388072  0.40404367418021281
  0.41511723739371553  0.42657723793015156  0.43808619047824116  0.44921189525881938
  0.45981528421156848  0.46953038373794026  0.47948620661857910  0.48998280489667212
  0.50033486214052492  0.51028391548862018  0.52007341430497900  0.53087092463704277
  0.54183331644270083  0.55241908352035307  0.56307550054170075  0.57347553960064079
  0.58359855837907193  0.59350529216838910  0.60392957215138365  0.61550523804379520
  0.62773473250615153  0.63989075201822310  0.65177768991350571  0.66382104736016967
  0.67549430973292024  0.68695099537362114  0.69870427134908553  0.70991748763737050
  0.72029492354841085  0.73034155833856129  0.73993501912800264  0.74959991251784031
  0.75948820956354057  0.76934714365076862  0.77901076409763081  0.78863932738013520
  0.79855626611634012  0.80920278612413876  0.81973543920965797  0.82975111030461024
  0.83952871988165745  0.84957654987092057  0.86022078208334729  0.87101298575013286
  0.88160854706320546  0.89213646959366322  0.90268964738920587  0.91374124212016383
  0.92432905670692489  0.93521867937431014  0.94646038583841352  0.95804507039133369
  0.96907315044597953  0.97946782463542059  0.98966850078074198  1.00000000000000000
 -0.00248138920329246  0.00953110249315995  0.02070307740573765  0.03186061823287466
  0.04278502501398422  0.05352401792689580  0.06446211373172792  0.07535834983979783
  0.08592228848216713  0.09638589431186673  0.10683251729312254  0.11752011393342163
  0.12819353841891035  0.13901528054751841  0.14974245919185980  0.16036672602042532
  0.17092229457657415  0.18171567547199696  0.19218553337805913  0.20203502911380986
  0.21164480073614411  0.22121418544749191  0.23085230150342839  0.24050790672548569
  0.25065139359142252  0.26127517705532866  0.27245856854273126  0.28397708324587101
  0.29541353587492220  0.30620654398818342  0.31628917634850628  0.32598418900299059
  0.33611763932038080  0.34683940496220972  0.35757959814620088  0.36777139857545588
  0.37787568685542466  0.38832163408131043  0.39878305721190926  0.40873468905953253
  0.41857677406495380  0.42912750579739567  0.43987476141387999  0.45073096590872608
  0.46086915003767398  0.47091195332755031  0.48112959793083920  0.49172824286213457
  0.50231256492877063  0.51245722602577115  0.52257230234891128  0.53315969904787908
  0.54395859069642249  0.55484065336237309  0.56588096439293012  0.57701120832413844
  0.58803656516947578  0.59963163707174427  0.61137190718589129  0.62325677705066962
  0.63431854009803113  0.64467236207132717  0.65464861516226236  0.66464949295669840
  0.67479105610869194  0.68548487136600489  0.69686349641669887  0.70819133320416872
  0.71868355974409193  0.72870376606065734  0.73876163865744005  0.74869397149543604
  0.75905580572043652  0.76985832302330826  0.78098571268638617  0.79207202145855915
  0.80303595281376294  0.81420066792653689  0.82546193891240049  0.83649396791332453
  0.84727055567494669  0.85791931720040016  0.86844483417846119  0.87885203944754331
  0.88913528768658612  0.89955342989124154  0.91023994060706437  0.92072893713403148
  0.93100282334099582  0.94101047150601558  0.95138043736982814  0.96129617404289180
  0.97087836493331203  0.98053608868835107  0.99023083185672500  1.00000000000000000
 -0.00230905436057594  0.00929416062326832  0.01865763492899990  0.02957551169717380
  0.04019905446376176  0.05118630864252723  0.06126421186069825  0.07087799988645942
  0.08100979068331696  0.09112003654387035  0.10159072394425939  0.11185765535502279
  0.12243178501413772  0.13254998754075342  0.14242314064377645  0.15241255691382349
  0.16254789287425345  0.17262676791116485  0.18275343205429562  0.19330577751840250
  0.20344792188828023  0.21351724429161018  0.22387134801433906  0.23482631856549763
  0.24584942761937331  0.25637505078740735  0.26655959133806717  0.27667469825770113
  0.28689093116568548  0.29724277924269593  0.30769469847592423  0.31866656694502959
  0.32995040289987848  0.34130870944149350  0.35255260866219618  0.36355632413560951
  0.37413761418271185  0.38443284720643400  0.39435198543743999  0.40449957403156706
  0.41509439333117892  0.42620920559878267  0.43725541655472200  0.44756493366101907
  0.45756220467074499  0.46752783635556616  0.47772307932480718  0.48813683008051589
  0.49854853591984677  0.50905860051568275  0.52019552261430180  0.53120653625729408
  0.54236951888314844  0.55300147468296734  0.56337806333880647  0.57327877267482785
  0.58320256686902605  0.59317271186245424  0.60345379162149038  0.61408460482323890
  0.62482673226750229  0.63577985024283346  0.64650824824939113  0.65699627560887774
  0.66717043811305332  0.67752887763530500  0.68795584078505823  0.69852639443214459
  0.70919473125756027  0.72047766221490261  0.73194470156938118  0.74411126110488290
  0.75587986368603888  0.76714742918425416  0.77862455480006876  0.78989030677452432
  0.80123559338955230  0.81224249771094004  0.82323826281778534  0.83363896439508156
  0.84317353402276973  0.85265756827745109  0.86220920746522034  0.87216630278130225
  0.88189192081605827  0.89164231602040966  0.90157864416129474  0.91293667099707321
  0.92373629809156521  0.93433086095558526  0.94475884878156335  0.95558872985694832
  0.96707146732120686  0.97808982767939368  0.98918653547228463  1.00000000000000000
 -0.00226263659424966  0.00956409017605246  0.01964238400914302  0.03049589495936728
  0.04141911877962506  0.05256010081036384  0.06316839001213129  0.07396886114709010
  0.08506142931609276  0.09515560155860658  0.10537540184226676  0.11550530606344973
  0.12567624851332693  0.13556950172023499  0.14538844527303227  0.15551557439520444
  0.16561200306941021  0.17532214020794187  0.18483723850900335  0.19464853390080736
  0.20482470599732688  0.21505096354569986  0.22571180162641372  0.23659667532923367
  0.24805109292945668  0.25941038416964418  0.27053401067599075  0.28177043173955091
  0.29329404588153052  0.30485466978255710  0.31604111975835031  0.32725480552395619
  0.33834585538463291  0.34929624494651995  0.36007708734575433  0.37086574389252452
  0.38199473276823387  0.39305639856118779  0.40420044418213441  0.41529134601506368
  0.42660605290605991  0.43789925838906063  0.44880737448781949  0.45946259712072812
  0.46986949760454771  0.48002276524643667  0.49023661537715640  0.50063451090926192
  0.51124458376047111  0.52170220723447536  0.53198106726441174  0.54202466629753476
  0.55202851370753447  0.56199409546282331  0.57269360241823597  0.58333037927011955
  0.59368779091998203  0.60410737851237684  0.61447266369417985  0.62455831305097453
  0.63391891810472389  0.64314645688688465  0.65247824672584831  0.66205443379262929
  0.67185125774084509  0.68186732111549408  0.69195873449800294  0.70210293254318357
  0.71191135285790841  0.72176813022923025  0.73173924960566594  0.74251664920117644
  0.75326841675399503  0.76353107259215114  0.77412655323466117  0.78517701139915075
  0.79595454429619938  0.80692934801517724  0.81782327406857580  0.82928851757024868
  0.84039579168764045  0.85150625932933799  0.86268136435962950  0.87323280750537413
  0.88453941800131097  0.89540976317960652  0.90571323002787008  0.91570313693451288
  0.92526861000469840  0.93519982441096283  0.94566095791066251  0.95588831646410177
  0.96632935969070055  0.97724178742526446  0.98833047472555002  1.00000000000000000
 -0.00250801447414003  0.00945568278352742  0.01924816040676240  0.02946325714226384
  0.03949785915054787  0.04875819911866183  0.05793905979951214  0.06736007545745185
  0.07729478230852824  0.08656905945910755  0.09576890347910137  0.10524028921075865
  0.11490382739172250  0.12459118524061480  0.13396526272996917  0.14409687493038650
  0.15436743984585696  0.16486650695132277  0.17577887504528356  0.18726152137659069
  0.19849933222877100  0.20935274207913257  0.21978208968612717  0.23065636053089439
  0.24120768876780799  0.25168407757508976  0.26211815789375215  0.27271230534417584
  0.28294131241685722  0.29314505235403138  0.30324362498718965  0.31281145152632100
  0.32234437637334507  0.33226537849037158  0.34274887645676888  0.35378193765199206
  0.36567390396918803  0.37767824794067556  0.38877630254575379  0.39963220088830148
  0.41145285418559402  0.42301283176226095  0.43416670002215185  0.44600902226239120
  0.45775423916785929  0.46940822629366208  0.48134455481858479  0.49316205919729178
  0.50504597388338135  0.51665465568148183  0.52769022508132934  0.53848577187831537
  0.54921526331174431  0.56023192777645325  0.57091455105723921  0.58163623796022823
  0.59273389994020598  0.60410991172552497  0.61481853453562485  0.62527355750230929
  0.63523242806535285  0.64518824050688506  0.65594187121924663  0.66698149603309986
  0.67758693646871093  0.68793129353741167  0.69881927800754939  0.70989782960389081
  0.72073360972633227  0.73138952532431933  0.74213449883086025  0.75288600576545262
  0.76364665523649877  0.77435204957542714  0.78509317633042619  0.79582365080460693
  0.80677692667894740  0.81702223232359605  0.82647374928389483  0.83614002791900988
  0.84588074966728621  0.85539657745560216  0.86467230243418747  0.87385440022749827
  0.88362686922253741  0.89409089099267913  0.90471034082436508  0.91514815259167936
  0.92551187440699523  0.93605558402686684  0.94685189054574226  0.95759775500921007
  0.96836504003762314  0.97904159701972981  0.98949622921122782  1.00000000000000000
 -0.00260415662585425  0.00988727327768914  0.02076273449713783  0.03059025713881996
  0.04101257949235051  0.05096576607832144  0.06118106211158787  0.07147192258979018
  0.08164910314703704  0.09256174595610649  0.10364766467651264  0.11509242554591008
  0.12653531979415067  0.13772971590889224  0.14875484786505511  0.15978401667321640
  0.17075575759891368  0.18170570742007910  0.19263912919497980  0.20327932215527147
  0.21392694214994148  0.22461434499939711  0.23510108015241604  0.24544820087626415
  0.25547630558043710  0.26539439448786806  0.27517070998839416  0.28470069689608096
  0.29450442676470634  0.30442647080094692  0.31443862175630982  0.32481780936181587
  0.33546865261952602  0.34599133971369417  0.35660709636602034  0.36748925485530315
  0.37830411577224266  0.38864311683233704  0.39855074388946549  0.40868232279005406
  0.41887541797546402  0.42926777257816728  0.43945562145294881  0.44985461425870216
  0.46035448946955926  0.47098397132832531  0.48212273825804686  0.49291140118913113
  0.50367178193028206  0.51437509155552918  0.52557697223727184  0.53670318389251936
  0.54727966854044707  0.55763862278617737  0.56804197677135349  0.57866976342937038
  0.58896427437047560  0.59941968373739651  0.60968941488587336  0.61990856816251272
  0.62986861820006856  0.64007659075858825  0.65010823281971430  0.66071351195135064
  0.67126251463524422  0.68170979221374617  0.69231502096815201  0.70212559707941302
  0.71169102452551858  0.72099383096561465  0.73059171391917421  0.74040184874576409
  0.75036345087124767  0.76047615337900221  0.77043853561229370  0.78033490720738141
  0.79029628456539525  0.80049484131988602  0.81087805425132153  0.82128414639959157
  0.83189652365312761  0.84279359141450116  0.85369850839403927  0.86443861473975181
  0.87493897501381679  0.88526578218839436  0.89546997273057716  0.90583783503611159
  0.91658841359929111  0.92800284417770917  0.94007398844047674  0.95242325564044361
  0.96475580289341156  0.97641889043348629  0.98827318470960357  1.00000000000000000
 -0.00262988569882984  0.00983668008349715  0.02067466864695923  0.03161392105378804
  0.04274410189412135  0.05417989962711747  0.06507006527827149  0.07520753656625677
  0.08512252695170715  0.09502849180485194  0.10494492854989949  0.11519546036543014
  0.12588548152948573  0.13695851165079231  0.14781987637525107  0.15853261018458026
  0.16915775504900993  0.18011726472612807  0.19134807245102434  0.20256597954509162
  0.21340971741840484  0.22414015262769185  0.23470545422933936  0.24547515086052299
  0.25597285314010410  0.26593873312094612  0.27569785540582475  0.28522679793167255
  0.29583430651107806  0.30672192792300762  0.31734350999352912  0.32758619643330694
  0.33794421370085886  0.34866084295091493  0.35960794050811196  0.37030417680302125
  0.38049117055349652  0.39053977167420628  0.40111325894943306  0.41216766623569145
  0.42288179226577599  0.43328264657969240  0.44400569698006692  0.45503298142978676
  0.46583395056830107  0.47630024490703521  0.48658913550811156  0.49682123911084031
  0.50690703486873190  0.51704180968825764  0.52728142273310830  0.53735625916096807
  0.54726546964392508  0.55731695682672033  0.56759331246751388  0.57837961152795780
  0.59011826759185471  0.60250419070753014  0.61435337252995781  0.62535895632719984
  0.63615543444777967  0.64698983188105708  0.65754966717244390  0.66794947004561878
  0.67839401627775797  0.68901533941354454  0.69958691772956161  0.71039749136733110
  0.72145065321565471  0.73180157718419392  0.74133163415391035  0.75088085664671933
  0.76116069431617317  0.77193765980927787  0.78272664071320008  0.79340834392358561
  0.80407071127885121  0.81440900252507564  0.82398766643184773  0.83378280343937139
  0.84354457445085185  0.85335068539542791  0.86318563774596935  0.87292530162132953
  0.88281463543814431  0.89284689610914847  0.90363652572566588  0.91549792838703969
  0.92691778925615020  0.93817408497763577  0.94835898892769244  0.95866276406445250
  0.96881193171110846  0.97919463280971297  0.98971543461537159  1.00000000000000000
  0.53774171693782702  0.53909674272820618  0.54083611093799955  0.54290212906702862
  0.54539757150872181  0.54804029957483080  0.55066099431578186  0.55324290161806378
  0.55582029325954452  0.55842885272898946  0.56109731853748335  0.56395319293883450
  0.56701494047685552  0.57012709369156689  0.57325110328816997  0.57634288044961968
  0.57942027640333060  0.58253127068601807  0.58571956702771166  0.58895274140368448
  0.59226953599059673  0.59550696518575497  0.59874950230510393  0.60209984191225852
  0.60558725004486547  0.60916490028973302  0.61276360097704530  0.61636294511302980
  0.62001184286195810  0.62362794837649849  0.62721031404798988  0.63077799626602216
  0.63434528412254210  0.63797207458493566  0.64165021432309799  0.64533211094034892
  0.64900489496630198  0.65266990948649495  0.65633063784065682  0.66005313226122497
  0.66379157924531151  0.66747633738240675  0.67111830173282161  0.67474793502125607
  0.67843774593709860  0.68222436654588847  0.68609041014016725  0.68994882514562184
  0.69378607386885349  0.69763341505775078  0.70144453758682479  0.70531109962367999
  0.70922753526667126  0.71325771783955572  0.71709882613234655  0.72092855178910120
  0.72465770383501793  0.72851036074768083  0.73251942192547248  0.73657177761699744
  0.74061282407866713  0.74458849624791790  0.74862879369215218  0.75283621982192650
  0.75705445411349903  0.76140605762740876  0.76578658453439985  0.77027720388236576
  0.77501090416174812  0.77992849550018439  0.78490432591871839  0.78987466233839643
  0.79481744435823165  0.79982121094917047  0.80484634031269142  0.80989858880464005
  0.81516869087627974  0.82079940562644738  0.82661821206649311  0.83257047152640429
  0.83860932134015709  0.84464550663604476  0.85078008428179941  0.85720782916957639
  0.86397235288664576  0.87101160630256647  0.87842841524073800  0.88631113767516811
  0.89453132226356913  0.90318977646481258  0.91240653150162732  0.92252072613923541
  0.93399095785316288  0.94778348554063296  0.96665818793204539  1.00000000000000000
 -0.01826438296433197  0.09096381631736611  0.12856065674638448  0.15221113120628485
  0.17148633787961176  0.18955186719272327  0.20725391086121822  0.22223809967790156
  0.23571969382760743  0.24867180164102010  0.26073273469902447  0.27164029867671891
  0.28210376651658065  0.29200946826050139  0.30107253781990134  0.30956541697780171
  0.31803693740050648  0.32650686781754645  0.33462012069855213  0.34251693678531420
  0.35003147654092953  0.35723635572535511  0.36420522548710232  0.37101443266535900
  0.37733498329445125  0.38268831997015174  0.38825350516973423  0.39373247763188801
  0.39899587769169426  0.40426869674632898  0.40953560405182032  0.41473205191225165
  0.41960179091129990  0.42467685595581517  0.42971271926096688  0.43468380331720124
  0.43950099627637579  0.44439428271400067  0.44913626939469975  0.45407898516357231
  0.45925966237001858  0.46452679583431783  0.46975824779298869  0.47487410020467619
  0.47995409137980799  0.48509847917052479  0.49034745891362791  0.49574075915726584
  0.50081271052731391  0.50584620244187162  0.51074753787584637  0.51574999049842796
  0.52078262372194140  0.52580981065534937  0.53072547841680662  0.53556520804177832
  0.54037662192157798  0.54521802648055173  0.55009102986578251  0.55498175629090762
  0.55991545013046817  0.56485437929773563  0.56981370429828293  0.57496071659670944
  0.58029612693712462  0.58569660930475531  0.59120993335286764  0.59672602582170431
  0.60231817323031811  0.60792472106373230  0.61375359932772278  0.61957230788572493
  0.62550944192546065  0.63163943042914938  0.63785186406464500  0.64433540132064204
  0.65167557398200859  0.65956224903599314  0.66736592505303161  0.67522437381784595
  0.68332146645290981  0.69185376907828111  0.70112873402816700  0.71072701709343533
  0.72062079026996329  0.73112172595661951  0.74227880427314019  0.75418028065002807
  0.76686081262541750  0.78168731137459646  0.79894954485461556  0.81873839199586662
  0.84058556224456060  0.86638581879276244  0.90442241121308320  1.00000000000000000
   2.0482650718014015E-018  -1.0000000000000000     
 T T T T T T T T T T T T T T T T T T T T T T T T T T T T T T T T T T F F F F T T T T F F F F T T T T F F F F T T T T F F F F T T T T F F F F T T T T F F F F T T T T F F F F T T T T F F F F T T T T F T F T T T T T T T T T T T T T T T T T T T T T F T F T T T T T T T T T T T T T T T T T T T T T T T T T T T T T T T T T T T T T F F F F T T T T F F F F T T T T F F F F T T T T F F F F T T T T F F F F T T T T F F F F T T T T F F F F T T T T F F F F T T T T F T F T T T T T T T T T T T T T T T T T T T T T F T F T T T
  <DiscreteSampler_grid>
  grouped_processes
  1 # 1 for a reference and 2 for a running grid.
  10 # Attribute 'min_bin_probing_points' of the grid.
  1 # Attribute 'grid_mode' of the grid. 1=='default',2=='initialization'
  0.0000000000000000 # Attribute 'small_contrib_threshold' of the grid.
  0.5000000000000000 # Attribute 'damping_power' of the grid.
 # binID   n_entries weight   weight_sqr   abs_weight
    10   10   1.190022553613496E+001   4.890515685603089E+002   1.190022553613496E+001
    11   10   1.190022553613495E+001   4.890515685603079E+002   1.190022553613495E+001
  </DiscreteSampler_grid>
