 -0.00000000000667128  0.00000000020345551  0.00000000082686962  0.00000000169249778
  0.00000000272800827  0.00000000387753525  0.00000000516693644  0.00000000662650629
  0.00000000822471357  0.00000000988287193  0.00000001140461380  0.00000001309449239
  0.00000001482826954  0.00000001656459347  0.00000001847986808  0.00000002055736898
  0.00000002258055540  0.00000002464451566  0.00000002684468822  0.00000002913781096
  0.00000003143004468  0.00000003369020020  0.00000003598100582  0.00000003831352532
  0.00000004066106440  0.00000004301359686  0.00000004534596596  0.00000004766998601
  0.00000004999805676  0.00000005231145856  0.00000005469611465  0.00000005723529523
  0.00000005981620591  0.00000006235693899  0.00000006493003777  0.00000006750450976
  0.00000007007636664  0.00000007267532123  0.00000007526940288  0.00000007793409682
  0.00000008082183125  0.00000008392698772  0.00000008694270585  0.00000008991458059
  0.00000009293220540  0.00000009598048913  0.00000009906945446  0.00000010218457680
  0.00000010529032428  0.00000010838901117  0.00000011147953689  0.00000011458720414
  0.00000011794495767  0.00000012164003428  0.00000012524270467  0.00000012889579759
  0.00000013261315912  0.00000013643677876  0.00000014033415251  0.00000014422698453
  0.00000014806922739  0.00000015194442863  0.00000015583993423  0.00000015965846621
  0.00000016346403336  0.00000016747105998  0.00000017171840700  0.00000017617413080
  0.00000018081077418  0.00000018553254317  0.00000019047005341  0.00000019553645495
  0.00000020083036151  0.00000020633572138  0.00000021195132637  0.00000021780907302
  0.00000022387286740  0.00000023011116224  0.00000023639179983  0.00000024284156948
  0.00000025004623126  0.00000025800329745  0.00000026649456376  0.00000027527102968
  0.00000028454020806  0.00000029434786898  0.00000030496174826  0.00000031646221274
  0.00000032895652947  0.00000034219807804  0.00000035779478027  0.00000038077303114
  0.00000041394624049  0.00000047233582268  0.00000061569772052  1.00000000000000000
  0.00912385309626813  0.01689554365570249  0.02832302178481815  0.03966193505398576
  0.05145735181687754  0.06338652262568016  0.07449185539135296  0.08519499851884217
  0.09607322985682366  0.10692136260587178  0.11736863211025984  0.12778263128436126
  0.13786854042437255  0.14796214840021213  0.15787437884576849  0.16770815308701228
  0.17958626295223715  0.19110597636108675  0.20071868612862670  0.21127386112406332
  0.22154267075125059  0.23140791214065848  0.24125960536316166  0.25046827261355403
  0.26133137005070584  0.27172396694889051  0.28200968804166043  0.29273786446577860
  0.30237573282409502  0.31188079348736758  0.32114641540438515  0.33050053175408012
  0.34027255808417189  0.35041837953103683  0.36072882732102934  0.37112862638547350
  0.38188788241096794  0.39331771283344052  0.40434447280675428  0.41476760911927074
  0.42486968231150429  0.43498932995089973  0.44507616359090879  0.45518563182282284
  0.46535810757192964  0.47565946584514102  0.48638885243476487  0.49735823318675010
  0.50765701372326910  0.51737911730120956  0.52724407478086577  0.53725895309486860
  0.54736990073467329  0.55762458326895736  0.56806255872154710  0.57854783967786783
  0.58855617942493321  0.59807442012688283  0.60766997675638590  0.61747823110998878
  0.62738770910039254  0.63774869701236370  0.64858887943883570  0.66000286846218514
  0.67112303342010160  0.68157189266204710  0.69164522980528764  0.70144313033956718
  0.71115923149631732  0.72111090403274691  0.73127391901799199  0.74180484513772249
  0.75264945556621687  0.76379471914663732  0.77504287802554717  0.78606941835929101
  0.79716335389512838  0.80874023879701262  0.82060636171925760  0.83276658422861483
  0.84556200360889255  0.85794026382318900  0.87016460322999989  0.88072628208204784
  0.89106801109116329  0.90108226777469824  0.91188342929609556  0.92225763547065054
  0.93211884912095222  0.94143650872168705  0.95116672133010005  0.96119305974963021
  0.97209766848720380  0.98224864528937839  0.99131868917305688  1.00000000000000000
  0.00956464806677841  0.01633418199914039  0.02497697456463784  0.03393109189141105
  0.04326583068142791  0.05380225538274182  0.06449227092309051  0.07451734496411527
  0.08426059052939897  0.09392059959299261  0.10315634449206310  0.11215863813424221
  0.12137256000925420  0.13168422105380731  0.14287287331281626  0.15384012244023174
  0.16459077987616727  0.17510733830323985  0.18524524260723749  0.19527591421311555
  0.20581808446335437  0.21659584423176714  0.22730434596582696  0.23785573727591164
  0.24863695734671828  0.25959405103124988  0.27082792704669550  0.28272261489534961
  0.29424954761511818  0.30527785943954172  0.31610875886225881  0.32692654578795810
  0.33772359258618323  0.34838073816062082  0.35950460523306255  0.37172406794982488
  0.38145212277276153  0.39096000741752279  0.40060337707808663  0.40981916959549702
  0.41919739180019927  0.42853988393078551  0.43782109585589940  0.44738346059307110
  0.45726393421055145  0.46727556192426739  0.47737849047757608  0.48737441241251017
  0.49738091556694825  0.50736096428109778  0.51732598666705942  0.52770742280127636
  0.53799396170471803  0.54792641948538701  0.55784109230040402  0.56803469047040711
  0.57851012597181251  0.58850019967213074  0.59820878997800608  0.60828074888097716
  0.61836039604089321  0.62953375089297037  0.64056239788588198  0.65135462416908185
  0.66175175135653586  0.67249172397991908  0.68358900324369765  0.69472747831947734
  0.70600978874549780  0.71738974360096919  0.72897343921036772  0.74079989996810347
  0.75254465680875993  0.76393339450859821  0.77509896183623617  0.78619108963015127
  0.79720431984085693  0.80831542798683442  0.81942320273238878  0.83032958625977527
  0.84120202143497680  0.85223094093326712  0.86360761531064245  0.87523917823194852
  0.88646542842836551  0.89740629623144896  0.90656972938877567  0.91578822217305300
  0.92511963087024796  0.93492397966627439  0.94491289952252921  0.95490238826409923
  0.96534555151061041  0.97670516747082270  0.98817327655506804  1.00000000000000000
 -0.00206695400166495  0.00935520360634988  0.01896817044717648  0.02965091200179534
  0.04011396279752540  0.05137161082951110  0.06184361932209366  0.07379737189513766
  0.08508813342756358  0.09662021405993716  0.10771256954295427  0.11829510052654449
  0.12904247605900515  0.14020611739462832  0.15138168876174979  0.16258364221879429
  0.17379055199670021  0.18477845456759276  0.19498454269819149  0.20507733132768902
  0.21536071915240040  0.22627846730979448  0.23740950408634615  0.24870495392638012
  0.25995979776789213  0.27135683857060405  0.28272987714965780  0.29422481454509036
  0.30543592951120541  0.31686002614194991  0.32837525513613042  0.33937259542102982
  0.34991283178707433  0.36016151503412230  0.37047273245671741  0.38120434494727784
  0.39239517307731414  0.40386633155073282  0.41562640284728958  0.42742936406277493
  0.43900608374398686  0.45045035800651567  0.46161392852990524  0.47278450813981826
  0.48414546734273889  0.49506632261682088  0.50584859638586210  0.51654828662939933
  0.52755148514987915  0.53817139200429620  0.54827909072920444  0.55795156242278210
  0.56742407823857932  0.57680904308801151  0.58611719436312548  0.59538640888053596
  0.60480845634204794  0.61557984065894378  0.62671108548848120  0.63679627717390674
  0.64649339875691536  0.65613174889952541  0.66595040682052198  0.67533090148979469
  0.68460168503645313  0.69463282628494760  0.70567753455742466  0.71607682501587955
  0.72567042278074489  0.73519867038425391  0.74503854610027154  0.75503642134451987
  0.76480546918916548  0.77473107518890105  0.78486029680410618  0.79495724618181585
  0.80475271230402001  0.81477959448677306  0.82448778812447976  0.83420818539723673
  0.84452964101578809  0.85479953345102788  0.86541232479794705  0.87619092901753604
  0.88740420866707326  0.89875523796849244  0.90907437867517649  0.91922841309169523
  0.92967604873891418  0.93979149420199981  0.94949917793866090  0.95919480544118263
  0.96966636235891557  0.98004648480706014  0.99016866814078430  1.00000000000000000
 -0.00298072386620154  0.01064082420263231  0.02240149563715287  0.03360994597762659
  0.04481548357207778  0.05579327496374875  0.06628221744596305  0.07641964319355558
  0.08669256133655072  0.09738122352141598  0.10756151127353694  0.11727556113401855
  0.12746893960117789  0.13778736136622188  0.14792116277166556  0.15770437368565554
  0.16681637649367168  0.17779079221439192  0.18856349572382416  0.19913218610524241
  0.21010126697581200  0.22078813692230803  0.23197254746392715  0.24278686805016980
  0.25361180058136046  0.26421273778778726  0.27553479498487465  0.28768218265727363
  0.29941955447037766  0.31105958076079460  0.32262410567697292  0.33398103611397739
  0.34503420662681161  0.35572806509270838  0.36618611056975880  0.37660225520454893
  0.38726529769500362  0.39810136538213964  0.40884463524277820  0.41906143347401392
  0.42914965104809899  0.43941719418921354  0.45003303049987259  0.46038002867457639
  0.46996874956410456  0.47980888792856696  0.49009455590246109  0.50064064823217835
  0.51162646708871584  0.52307211844297852  0.53467185073687096  0.54581734688928873
  0.55660595068808028  0.56752489757331848  0.57835885772537210  0.58913493759725299
  0.60027498543713254  0.61216766777476272  0.62432248818344360  0.63626950004051774
  0.64770790256978406  0.65874493246376098  0.66926200882697862  0.67901342742593573
  0.68864441009400734  0.69839054668773148  0.70817083082025334  0.71767028503929087
  0.72714210985141059  0.73693725442938518  0.74653094906506079  0.75570974917912670
  0.76467175315314273  0.77394865984051009  0.78332916872365077  0.79254508217959962
  0.80172176549171847  0.81100743794722296  0.82060936986660393  0.83022469310326574
  0.84026755429796351  0.85057035059855646  0.86101732119371666  0.87178375263907548
  0.88247181486984172  0.89321080919243989  0.90425861954314457  0.91571617954534845
  0.92684240286733055  0.93752744395165821  0.94809278361503835  0.95884008311929902
  0.96888496959467307  0.97974458560430755  0.99003820047422197  1.00000000000000000
 -0.00265744079383063  0.00952624266856666  0.02049017865022193  0.03121479609565896
  0.04201672690850942  0.05308138322779580  0.06398129902239749  0.07452569179032788
  0.08511679852561320  0.09595536699295761  0.10633553111577304  0.11641977216720144
  0.12640626934131546  0.13665493633255485  0.14674745311385040  0.15681150283648274
  0.16706275746833127  0.17746759094642170  0.18819861495288595  0.19908654755740421
  0.21029310532254089  0.22129748860689050  0.23235794999243292  0.24347987673931942
  0.25404766325030814  0.26439105964090159  0.27537055035816382  0.28645255502900824
  0.29736217622158845  0.30820966602680244  0.31852603128961993  0.32841844797369890
  0.33801720754705794  0.34737940443533011  0.35686174970746726  0.36613839486568306
  0.37553670504646647  0.38555700180867092  0.39530868959540394  0.40574929963648537
  0.41599408506928309  0.42771700254257683  0.43869459997139604  0.44881339987655133
  0.45878898729829976  0.46913315903856323  0.47968009212300272  0.49000944876525465
  0.49994216615825088  0.50984162668109378  0.52006404354085589  0.52985964590462431
  0.53962291623408187  0.54982490754182500  0.56031519278845476  0.57101836674563689
  0.58252944732069278  0.59289974091020792  0.60332444499788263  0.61376610043218971
  0.62448124846715392  0.63552664575438333  0.64606211256789403  0.65688589504770889
  0.66764527769057780  0.67855206494870779  0.68954296012208549  0.70095202200270978
  0.71227339796546008  0.72307726916951465  0.73371301717566573  0.74421901614705144
  0.75452479397653227  0.76437786250065620  0.77455116181712957  0.78479427867340112
  0.79537717154563958  0.80635234795331523  0.81746899601949397  0.82972054380831617
  0.84087003196806576  0.85236089439626961  0.86322231601240651  0.87438277063751157
  0.88551273833556265  0.89652265830462996  0.90736469614960313  0.91811696761611861
  0.92907803298906833  0.93950218837530197  0.94963773855066902  0.95975679259455360
  0.97011576162216140  0.98043025243977910  0.99038741704111255  1.00000000000000000
 -0.00227227690340649  0.00910369483657959  0.01880158953162897  0.02870972779064638
  0.03855241346347944  0.04845951175563457  0.05895861683279451  0.07034771612220148
  0.08140014009196576  0.09245894784569700  0.10362074110313092  0.11508874178949424
  0.12649818779355268  0.13833489453290987  0.14974984675333133  0.16075400527060418
  0.17174701058303796  0.18255736179920681  0.19292000499274720  0.20296634056734092
  0.21315138245947179  0.22337319334464931  0.23359201479849884  0.24388490566060642
  0.25413290618682349  0.26441318663211127  0.27440018191947518  0.28434606732010709
  0.29406331198814561  0.30379413355578000  0.31382957285296759  0.32470556099599251
  0.33571250651559853  0.34707149032330209  0.35835054698471203  0.36948408746641936
  0.38017896138704949  0.39067145337087056  0.40056247754601471  0.41007569393717741
  0.42007567449026051  0.43023486162043767  0.44029986486088196  0.45014984306574252
  0.46064685653050985  0.47081215686940781  0.48043059917169251  0.48965505997890052
  0.49918809266408148  0.50949444545882472  0.51980150435760697  0.52999199119947527
  0.54029816004106190  0.55088192732668007  0.56148180225560629  0.57170238563463793
  0.58226241502103326  0.59293351931845339  0.60352845058460713  0.61398810916092350
  0.62446071463357233  0.63513889449360694  0.64561036313854081  0.65654715953537568
  0.66750766393180283  0.67845215873350284  0.68953288434441506  0.70044004401839310
  0.71100033014603703  0.72158550185700976  0.73220051562706989  0.74289755993034046
  0.75395704236392003  0.76557328080435438  0.77776182275945094  0.79012258492073562
  0.80215360575284333  0.81444266599784587  0.82475344140483797  0.83516017181393398
  0.84523249649297372  0.85564149285430491  0.86611787594955847  0.87645660390433644
  0.88663313613315475  0.89647080393534495  0.90643748913397792  0.91653253044623151
  0.92659687636976740  0.93653206476062156  0.94665054542714278  0.95739622549605119
  0.96781422593765831  0.97856001687985139  0.98887580110150153  1.00000000000000000
 -0.00203418885519462  0.00821831992792208  0.01781903018756242  0.02799881415800025
  0.03839103465750959  0.04848462366021538  0.05873067794167983  0.06870810760570922
  0.07950163495253672  0.08875793119412001  0.09811420474630635  0.10787981985348448
  0.11790170190578084  0.12821931221489796  0.13798561951017524  0.14810785609338231
  0.15960557925340557  0.17171886835392342  0.18279420173345598  0.19379440451477944
  0.20438127775130815  0.21538522897848059  0.22647197683460665  0.23683533938163187
  0.24676707119953090  0.25686844994048630  0.26736554909767457  0.27813034092245226
  0.28890498566644257  0.30049419246922343  0.31225147614304044  0.32374355247178033
  0.33477841267710801  0.34600151608493940  0.35732954979124965  0.36863055737032019
  0.37978176869156705  0.39089821275782255  0.40276372494972074  0.41488119066014639
  0.42597649531667542  0.43666643052417986  0.44734944298792484  0.45783739050959382
  0.46843957578375145  0.47963718631849994  0.49149774649430777  0.50335083034204298
  0.51473842924918356  0.52523742804549522  0.53533373624984115  0.54565741755208674
  0.55615413822818149  0.56638494494253233  0.57611144584298135  0.58615821879792118
  0.59661231009657301  0.60703834043443461  0.61706884548109542  0.62693938378890102
  0.63763477504199462  0.64815352364756396  0.65918180672349413  0.67005256966421733
  0.68066560643196383  0.69139383386992437  0.70228834690305364  0.71327793234482639
  0.72424696943830214  0.73494915178582854  0.74585402454791505  0.75583642168404774
  0.76579992582814516  0.77622190575055661  0.78717996613293972  0.79795131931064744
  0.80809012444110462  0.81792545913546966  0.82785181345541237  0.83750879363687902
  0.84784197920615156  0.85849825405899316  0.86951943955737887  0.87938963784969604
  0.88911778256420859  0.89909394571585777  0.90839516433843359  0.91771919487313414
  0.92735740763368624  0.93683003901143402  0.94622531292863366  0.95551508914041516
  0.96548939272753165  0.97651316295760193  0.98764907730366591  1.00000000000000000
 -0.00221903766852124  0.00918668123068338  0.01824993170284309  0.02811414043234566
  0.03785937816836365  0.04755254616531886  0.05710286341923475  0.06731334722539214
  0.07822947141359565  0.08937657252452520  0.10038042186765272  0.11103996777429584
  0.12124095491681633  0.13158229873860566  0.14276570279385187  0.15308434536499235
  0.16390227153099507  0.17440597367061478  0.18551129180366643  0.19597235932812387
  0.20670615942787421  0.21743809143189891  0.22709617180565075  0.23662857561903411
  0.24586081804641172  0.25576510678512121  0.26551150347762509  0.27537250009860176
  0.28517900444612626  0.29492998131180032  0.30572198127840139  0.31647059873697925
  0.32777559804193784  0.33853696990162757  0.34886394395003956  0.35934836359368905
  0.36974588832095873  0.38016072757045055  0.39062903388512171  0.40057808007883605
  0.41028793848422551  0.42034518288726364  0.43070955050165238  0.44090080719052199
  0.45079646430838050  0.46069126390227760  0.47113041290548729  0.48201406820080450
  0.49313620062906344  0.50415929544223004  0.51484918249765421  0.52571302290141952
  0.53664109573866858  0.54727661611624934  0.55738729409315879  0.56784295916998340
  0.57921844356927910  0.59083126270300967  0.60253160423577401  0.61404223875425867
  0.62466361335948362  0.63479940487088315  0.64473743831543406  0.65485104904863922
  0.66459467918497839  0.67453839693367645  0.68518684885713621  0.69747109977688981
  0.71027413024264707  0.72126880264040427  0.73164192122082505  0.74154998354361812
  0.75133008502416709  0.76100396259171910  0.77068685265699111  0.78064088001418719
  0.79084424455415980  0.80141227174758578  0.81211188515679833  0.82288432478118023
  0.83372183722317816  0.84475021952830220  0.85581731064247002  0.86675944329688148
  0.87751199045425132  0.88816271100714372  0.89909917261965222  0.91034898235623063
  0.92181486962511316  0.93330715870964553  0.94479615795352878  0.95665940076233280
  0.96779281844785359  0.97843202359092973  0.98893400926445119  1.00000000000000000
 -0.03346632845053671  0.22162771598990352  0.29591731182639219  0.33900641770970397
  0.37243800262036791  0.39991133117325661  0.42432155976518549  0.44585345377315000
  0.46503128596991683  0.48269195270556703  0.49926004635750687  0.51470964762475124
  0.52898551199349175  0.54258585390264913  0.55528968245475274  0.56755980060730149
  0.57948810960376307  0.59105289798324945  0.60200819084711432  0.61193964722859506
  0.62101823777970611  0.63006509274810973  0.63877670474222448  0.64710812517595961
  0.65483828193641469  0.66240373861367685  0.66969056676258210  0.67656492219849595
  0.68329456649099007  0.68981417863719374  0.69608725271143601  0.70230762637910282
  0.70838417267870835  0.71440427242540105  0.72024709621232264  0.72600956759860957
  0.73168232151891444  0.73721451658978654  0.74265952225122955  0.74789445109959651
  0.75303855159368482  0.75818132444637398  0.76335340481952407  0.76844249459118263
  0.77339096326285417  0.77824924587989430  0.78307749863921461  0.78785191974439328
  0.79265473512771545  0.79750768894648583  0.80236386292307749  0.80705094568532865
  0.81161419667028767  0.81613523579069458  0.82057134401952503  0.82493116262710231
  0.82929079265351380  0.83347142923583839  0.83758222931127424  0.84172668132186879
  0.84591024456212027  0.85015986452826664  0.85444053960736677  0.85874188965944898
  0.86301015575622309  0.86722842555608637  0.87144649977928690  0.87549229975507037
  0.87911307739546873  0.88283347667328105  0.88650918076679919  0.89016158501364784
  0.89391551987330453  0.89770665445695697  0.90141673297466629  0.90504974719216214
  0.90873358078887134  0.91243552436862585  0.91623685271545030  0.92025595639463720
  0.92423963041984636  0.92817390066821159  0.93209685417873112  0.93580446216639723
  0.93954782621364386  0.94341043534981106  0.94734838884997330  0.95147921233491373
  0.95566214901797508  0.96027240132198910  0.96552347381127901  0.97081890507296176
  0.97644311194993649  0.98340266302208112  0.99130695495617627  1.00000000000000000
 -0.00297393443564724  0.01103320284335667  0.02244501236126484  0.03299284585649216
  0.04346857821083148  0.05380795326928328  0.06452822888774216  0.07464694895367385
  0.08514374461314174  0.09637376009385566  0.10789114370649334  0.11976228515141052
  0.13111030670022836  0.14202111553369959  0.15244099303519806  0.16272085592876753
  0.17280601755031472  0.18294938535523325  0.19335116897791244  0.20386593609567991
  0.21415916845585284  0.22426643579420227  0.23465738062651165  0.24561543174377337
  0.25670604898482102  0.26794184994268655  0.27972154566176788  0.29122649272715484
  0.30180655055618583  0.31193708420065519  0.32187878381741242  0.33147280068579416
  0.34090095317322028  0.35058827724969877  0.36129548219792251  0.37259479556418612
  0.38380903015958084  0.39538632560802972  0.40713460879021374  0.41870416950545319
  0.42979290029752115  0.44007931397014111  0.44979740218911091  0.45942130129983644
  0.46927911097138270  0.47931857028405733  0.48921749399202785  0.49909925988031173
  0.50949102159094262  0.51998118670364935  0.53000987465599492  0.53969720892075757
  0.54920629791819864  0.55881627350004481  0.56865369040038705  0.57848465682544403
  0.58823543305356985  0.59820228221904304  0.60853858382487891  0.61989627195897357
  0.63102865555173626  0.64167520158360469  0.65207390783638775  0.66259061350899640
  0.67318850330961788  0.68383156546107848  0.69388550118413594  0.70374105408374277
  0.71385501770316606  0.72402453031731184  0.73400557293139956  0.74410860873906415
  0.75470600975947510  0.76595950999523166  0.77730616132653541  0.78834437753494502
  0.79939401865466519  0.81012351009724226  0.82084797735924397  0.83168489864973105
  0.84352502030178855  0.85534871601779738  0.86627905255447735  0.87696401531057533
  0.88745418785528374  0.89769037176264443  0.90739648607714540  0.91661399437802682
  0.92574855086136987  0.93493572558055582  0.94502335496628176  0.95541925364625058
  0.96600223500644333  0.97687334317842511  0.98813243484234514  1.00000000000000000
  0.53753064647460780  0.54234144323996136  0.54852866579213611  0.55485089588930092
  0.56089559463884575  0.56672812874889411  0.57236450880347933  0.57801658714560555
  0.58368520382296252  0.58969848021387439  0.59536549166834785  0.60067273025434276
  0.60590156973125575  0.61126492520869091  0.61637172606673241  0.62130315918880685
  0.62591107074711949  0.63036016506989045  0.63490284810321707  0.63950949567581106
  0.64428730859956018  0.64896425536993396  0.65342152422025279  0.65772789348645688
  0.66196835075568650  0.66631316280086827  0.67074740904171914  0.67510982757828930
  0.67936846722290212  0.68355521662940832  0.68765429955266633  0.69165852942622341
  0.69556910576282494  0.69940437253296539  0.70326347026017022  0.70715636426841266
  0.71099902627965628  0.71481853980287813  0.71864550778407588  0.72243428550871558
  0.72618391357797807  0.72986377749373832  0.73341907873088386  0.73695592558510781
  0.74055655073461613  0.74432586153720959  0.74804271120865962  0.75159849117360022
  0.75507953968128427  0.75856627965174517  0.76217375678671639  0.76573603843617311
  0.76932316338454099  0.77286008846150667  0.77641888477542609  0.77989853445084178
  0.78342403448818854  0.78696965296883892  0.79053050126808821  0.79413717810601592
  0.79787222996496976  0.80171274190907693  0.80562938783590177  0.80954291366091569
  0.81353494781676661  0.81755686635926217  0.82159525967085412  0.82564252650480308
  0.82967009873542086  0.83360006877623061  0.83739515902556105  0.84110634413332697
  0.84484333115078603  0.84865332516463143  0.85255208027727281  0.85643795992601246
  0.86031883097911610  0.86422696333900295  0.86828892381824885  0.87250692228105320
  0.87690899247939647  0.88140636518480986  0.88579753136332617  0.89034338128151147
  0.89502960332155390  0.90002914912671506  0.90538220019550941  0.91090632890357048
  0.91674581768151520  0.92331928705139887  0.93054649532203892  0.93840065424808861
  0.94702762495485338  0.95716375658484321  0.97186006045676643  1.00000000000000000
 -0.01889177752431544  0.09457150958504802  0.13132804078951427  0.15661673727429085
  0.17769445043237309  0.19531604859811047  0.21095300189993471  0.22535255381586058
  0.23879265027656232  0.25162609306930173  0.26310748424964336  0.27334212861260371
  0.28282090247167019  0.29199254144543496  0.30073015785631918  0.30906057044010077
  0.31707501759659207  0.32510451562758863  0.33268672834183000  0.33968139582787188
  0.34637512724508951  0.35277780617621057  0.35883875581549751  0.36475301310718744
  0.37061309494593681  0.37641771923516970  0.38226103424248364  0.38804430091690900
  0.39373193355826924  0.39958084932782345  0.40554578267046698  0.41159298547248563
  0.41762963206419262  0.42338347582600538  0.42880313857619579  0.43413549554086672
  0.43950443833284641  0.44506104854729717  0.45058825739573588  0.45592352092395505
  0.46132598639197037  0.46674472654651189  0.47211052409150728  0.47746437081152709
  0.48266900931551143  0.48760934431070579  0.49243404773045274  0.49722908744435118
  0.50215292470206263  0.50711470958792026  0.51205318678099832  0.51698767813412938
  0.52186304634369696  0.52660659182808267  0.53129767530298344  0.53598208740942743
  0.54069483629545145  0.54545406149845266  0.55026937569445455  0.55521890009232433
  0.56026413989987434  0.56534464298310350  0.57064767747733292  0.57600700059655763
  0.58137696323015209  0.58700159127250562  0.59279504774806202  0.59866564596328120
  0.60445099616035103  0.61024747020957759  0.61623029274975383  0.62233090860636442
  0.62826186765346503  0.63396124389211550  0.63952972183320766  0.64518691409941686
  0.65122416787727921  0.65754954674417798  0.66405048055510341  0.67066450931009858
  0.67746318581904741  0.68459764918843335  0.69208865781009055  0.69990668351150631
  0.70801030542817123  0.71652241630572122  0.72538043511584682  0.73517440587217275
  0.74581056017361458  0.75783462950105696  0.77072410746462783  0.78582611322500229
  0.80435496089685909  0.82948289129928188  0.86843884834090423  1.00000000000000000
   9.7488961650767081E-019  -1.0000000000000000     
 T T F F F F T T T T F F F F T T T T T T T T T T T T T T T T T T T T F F F F T T T T F F F F T T T T F F F F T T T T F F F F T T T T F F F F T T T T F F F F T T T T T T T T T T T T T T T T T T T T F F F F T T T T F F F F T T T T F F F F T T T T F F F F T T T T F F F F T T T T F F F F T T T T T T T T T T T T T T T T T T T T F F F F T T T T F F F F T T T T F F F F T T T T F F F F T T T T F F F F T T T T F F F F T T T T T T T T T T T T T T T T T T T T F F F F T T T T F F F F T T T T F F F F T T T T F F F F T T
  <DiscreteSampler_grid>
  grouped_processes
  1 # 1 for a reference and 2 for a running grid.
  10 # Attribute 'min_bin_probing_points' of the grid.
  1 # Attribute 'grid_mode' of the grid. 1=='default',2=='initialization'
  0.0000000000000000 # Attribute 'small_contrib_threshold' of the grid.
  0.5000000000000000 # Attribute 'damping_power' of the grid.
 # binID   n_entries weight   weight_sqr   abs_weight
    13   10   6.128933663097830E-001   1.495827426638194E+000   6.128933663097830E-001
    14   10   6.128933663097864E-001   1.495827426638207E+000   6.128933663097864E-001
    16   10   6.128992720241971E-001   1.495875453269848E+000   6.128992720241971E-001
    17   10   6.128992720242007E-001   1.495875453269862E+000   6.128992720242007E-001
  </DiscreteSampler_grid>
