 -0.00000000000000806  0.00000000000073533  0.00000000000324042  0.00000000000773068
  0.00000000001409504  0.00000000002207695  0.00000000003168141  0.00000000004273938
  0.00000000005516194  0.00000000006859131  0.00000000008270623  0.00000000009799523
  0.00000000011381350  0.00000000013103773  0.00000000014990782  0.00000000016791796
  0.00000000018766913  0.00000000020899716  0.00000000022997566  0.00000000025123539
  0.00000000027436401  0.00000000029973737  0.00000000032488496  0.00000000034969517
  0.00000000037523774  0.00000000040272873  0.00000000043143667  0.00000000046020026
  0.00000000048866077  0.00000000051744103  0.00000000054666088  0.00000000057724473
  0.00000000060970085  0.00000000064292862  0.00000000067571723  0.00000000070836107
  0.00000000074178307  0.00000000077485869  0.00000000080872610  0.00000000084581555
  0.00000000088327558  0.00000000092003438  0.00000000095578734  0.00000000099097840
  0.00000000102645625  0.00000000106267084  0.00000000109957382  0.00000000113717955
  0.00000000117527542  0.00000000121507923  0.00000000126308728  0.00000000130901109
  0.00000000135446884  0.00000000139933948  0.00000000144354861  0.00000000148748165
  0.00000000153155875  0.00000000157581832  0.00000000162025747  0.00000000166500548
  0.00000000171065110  0.00000000176151337  0.00000000181565270  0.00000000187173316
  0.00000000192879154  0.00000000198565216  0.00000000204247431  0.00000000210043476
  0.00000000215922296  0.00000000221817871  0.00000000227805923  0.00000000233931745
  0.00000000240212099  0.00000000246703650  0.00000000253790142  0.00000000261272032
  0.00000000269798349  0.00000000279088061  0.00000000288317601  0.00000000297798438
  0.00000000307603322  0.00000000317688449  0.00000000328100812  0.00000000338984658
  0.00000000350476712  0.00000000362002345  0.00000000372612032  0.00000000390494649
  0.00000000409692072  0.00000000430152652  0.00000000453060229  0.00000000479881332
  0.00000000513364878  0.00000000563519914  0.00000000607674129  1.00000000000000000
  0.00993896322864675  0.01495815199177910  0.02340145390218835  0.03274437195636544
  0.04229831842882687  0.05185450114987124  0.06168421964133557  0.07199873226612701
  0.08274616395646373  0.09388110748508566  0.10544888809491279  0.11764335283590024
  0.13010699929382530  0.14216047612732541  0.15396063529173615  0.16525914179604434
  0.17535514621258735  0.18508628504002456  0.19480517428080510  0.20460147475070503
  0.21456474105551940  0.22492018812585307  0.23616526319432329  0.24900823874293629
  0.26011949791575278  0.27075730375750173  0.28085662938989991  0.29134150294322547
  0.30223364841701100  0.31250194898674649  0.32297074315539193  0.33325838369144350
  0.34394142884098172  0.35437788130026454  0.36469873121867363  0.37488830848229726
  0.38534663469227781  0.39586006613745395  0.40611952070718821  0.41639413997381947
  0.42633081935599138  0.43602588984394181  0.44514555536830941  0.45403497253406455
  0.46347076810152499  0.47321150169312171  0.48325434206143481  0.49319436277161433
  0.50322531451964159  0.51369578622842593  0.52425420169138548  0.53457637455157347
  0.54483551226040394  0.55545778059195550  0.56675405247481736  0.57837365773364491
  0.59006181639222721  0.60168184043350792  0.61279878994602333  0.62375353277315648
  0.63462321033638880  0.64550243942275154  0.65540019257111426  0.66467230075032990
  0.67420366385438157  0.68432423174515922  0.69486313407961342  0.70492747132892797
  0.71465330727389453  0.72444305456516578  0.73422286827974670  0.74425706276304737
  0.75442757317199127  0.76483809620560739  0.77549735749364856  0.78631871687569077
  0.79731979463797364  0.80845469775041445  0.81928587457080326  0.82947282005214962
  0.83943949699824494  0.84932119082222268  0.85923652224502922  0.86916576609583440
  0.87926245432733141  0.88956867580693522  0.89961834060415447  0.90915191677629636
  0.91920000706728244  0.92920136099663719  0.93935139786929966  0.94889549412648755
  0.95834243414492415  0.96872821397606046  0.97968545617785951  1.00000000000000000
  0.00960736540281401  0.01562278887668159  0.02426479167968761  0.03422111839911865
  0.04435727312724705  0.05500164604882420  0.06596271227878539  0.07691207396668734
  0.08802934889957544  0.09942568015642236  0.11052509273690835  0.12113543642562320
  0.13191808288018214  0.14276411718264825  0.15312792550732685  0.16325516077374444
  0.17392282837050188  0.18506099431445711  0.19559761823633576  0.20591714113754558
  0.21624870341193125  0.22606713361417891  0.23559954078189721  0.24472903816114036
  0.25444785056321373  0.26388517554653096  0.27367162009259927  0.28378814629786797
  0.29455592882878767  0.30555442366521529  0.31632319282637766  0.32700986365111012
  0.33683756173008361  0.34624932733566682  0.35581227080297806  0.36593099472980645
  0.37643234898976075  0.38688014477680455  0.39780279380925021  0.40951423221608230
  0.42128647945198638  0.43284957570168942  0.44432231433262875  0.45527411554142844
  0.46587815595320081  0.47625281133676017  0.48656649210142910  0.49721744955859037
  0.50726487106373175  0.51716414560326984  0.52695502961506357  0.53702688978393209
  0.54695544249291528  0.55667204049943908  0.56634621451946798  0.57589130065794236
  0.58526491095256183  0.59483915233849904  0.60465138674189389  0.61433313334835782
  0.62438913795813433  0.63535843360422040  0.64666589850909273  0.65830569324673838
  0.67019169131307210  0.68203678099365206  0.69385834794537238  0.70545508904143905
  0.71659526817038233  0.72754654559423459  0.73916924550037666  0.75106716493918768
  0.76225789609960526  0.77358064152207962  0.78469152964701738  0.79561314619044188
  0.80632623071833054  0.81735977752901823  0.82860467551500017  0.83980682051006428
  0.85108021546360091  0.86257049910427419  0.87428011950704754  0.88532647386388086
  0.89564406643023065  0.90537021216456037  0.91459542117114689  0.92364777456350133
  0.93276039312978598  0.94231521289211073  0.95216065646660319  0.96161288593027427
  0.97140883297441161  0.98125498772283581  0.99136635088449010  1.00000000000000000
  0.00003910518651402  0.00004000250784268  0.00004074574406056  0.00004163794273215
  0.00004279108359597  0.00004392231900367  0.00004496617625598  0.00004598054374644
  0.00004701548687366  0.00004808068082771  0.00004914606889111  0.00005028072781285
  0.00005136003082902  0.00005245529114936  0.00005358671065284  0.00005474631719352
  0.00005594061563853  0.00005717844325696  0.00005844010913623  0.00005968126100355
  0.00006089068485437  0.00006208950465635  0.00006332278914829  0.00006458494254505
  0.00006592743796110  0.00006732851462298  0.00006876894158363  0.00007022908178900
  0.00007169546456780  0.00007318249784583  0.00007468954837518  0.00007628487920040
  0.00007799573105013  0.00007976348352709  0.00008156723602021  0.00008340188321649
  0.00008524249131626  0.00008712589908696  0.00008915038968645  0.00009133164895663
  0.00009353777841076  0.00009578563228284  0.00009805111633174  0.00010030757217741
  0.00010297687226168  0.00010587822866283  0.00010896224049650  0.00011220225587367
  0.00011551577873097  0.00011904205465512  0.00012286687615498  0.00012685139292270
  0.00013100979945865  0.00013547363364187  0.00014030027768906  0.00014560315050448
  0.00015104460945737  0.00015666509231241  0.00016262491922422  0.00016888509335013
  0.00017522623652756  0.00018168650573668  0.00018875742348140  0.00019652983061361
  0.00020493829535482  0.00021391128744375  0.00022392512039998  0.00023477217806526
  0.00024560947091687  0.00025736132640645  0.00027073499133813  0.00028428419303562
  0.00029940289003877  0.00031757396975921  0.00033846026656478  0.00036177573258708
  0.00038519876966717  0.00041013900478721  0.00043901417485681  0.00047514436216430
  0.00051690539673963  0.00056315958474379  0.00061070664447745  0.00066019894003462
  0.00071869147237070  0.00079244852825019  0.00088671635643655  0.00100450109676480
  0.00118762264551089  0.00142959756280944  0.00174411831454874  0.00218137344661192
  0.00313993768175350  0.00586070127781731  0.09743697900671724  1.00000000000000000
 -0.00232613245118546  0.00897874793152655  0.01912270079706330  0.02968869384632543
  0.04040324190134265  0.05063851851921151  0.06083387777835066  0.07107765161240105
  0.08170642961810613  0.09269756324557372  0.10415542262160436  0.11560708835248708
  0.12664822193234901  0.13712763007606951  0.14753319815012639  0.15820573694417844
  0.16918852014160213  0.18044010629546506  0.19197480899780145  0.20374642650646829
  0.21503237345351950  0.22558891016500202  0.23590506786771182  0.24598208771198740
  0.25612191280486052  0.26626296022812618  0.27635739696033690  0.28648941557957347
  0.29687655971369314  0.30778162613591808  0.31923682659916214  0.33065287554274642
  0.34144839642087688  0.35179042472730088  0.36217263637310892  0.37248026648276394
  0.38238381814667299  0.39199844189215433  0.40168905111333547  0.41151685860508530
  0.42129405250489466  0.43092384286607827  0.44054506947941191  0.44993995963609085
  0.45933308088638941  0.46939537892761135  0.48044281731392685  0.49285791601275103
  0.50491826323327149  0.51604326376834764  0.52707683379940595  0.53789941925946871
  0.54889074492590584  0.55962018053017015  0.57023156960257582  0.58063564996582850
  0.59095419051601572  0.60166447610538654  0.61220836415932800  0.62248940538729336
  0.63254293244205684  0.64251637081366741  0.65251876916015861  0.66264311170404733
  0.67264360375996912  0.68329823337141526  0.69351702275269467  0.70360415077166971
  0.71385428788172034  0.72412474501274171  0.73466107023726901  0.74510841721948817
  0.75621699689665178  0.76761314968279204  0.77940600918478775  0.79110207352599460
  0.80211065091998779  0.81254627485400410  0.82254179396636096  0.83242723060637414
  0.84211835909085830  0.85162733723048134  0.86131820508285328  0.87134764442961421
  0.88163700335243123  0.89197362107642109  0.90227775177379976  0.91251336910768610
  0.92271599605282384  0.93296250124628843  0.94372089628381772  0.95504945809082420
  0.96685828582973654  0.97865421841631750  0.98937505227402511  1.00000000000000000
 -0.00234190127767331  0.00965045269928543  0.01999658662395460  0.03015672287887344
  0.04021960564595602  0.05004250692842360  0.06019238684312859  0.07071997255099348
  0.08153458873982794  0.09276968594197850  0.10438863844987527  0.11595148639665558
  0.12717793904740360  0.13798641868907369  0.14870931797176168  0.15957188809555309
  0.17060924006045869  0.18180970469621299  0.19231305246614422  0.20224599816103495
  0.21208592942770615  0.22186372026945983  0.23154436568330489  0.24117009270311157
  0.25105342108908724  0.26168491773130914  0.27263921937720242  0.28303955730709246
  0.29312142656845719  0.30325198469084891  0.31354844026439899  0.32343113550760022
  0.33311459024141249  0.34328896994297670  0.35402378912795390  0.36455532245253930
  0.37464233402476432  0.38443062273992679  0.39391820512340575  0.40350108996212364
  0.41372853069365922  0.42464280727331721  0.43558456227029496  0.44633403076825567
  0.45707838988132443  0.46799610319772417  0.47878798955635449  0.48966366087651858
  0.50045385070871462  0.51107518672710528  0.52187696228443015  0.53308182640484847
  0.54439010603537241  0.55518284243618177  0.56513086881886276  0.57453952772956807
  0.58378394199374284  0.59343574408117528  0.60326100582659259  0.61300087652844437
  0.62272459340756814  0.63275909532599139  0.64311544385915032  0.65346391580675511
  0.66354406635328878  0.67395102864629042  0.68525028075146377  0.69665349234479834
  0.70820184195134162  0.71971664862335061  0.73159806827015461  0.74306051469336842
  0.75421015125994784  0.76423786508755698  0.77525138735092891  0.78664067443188679
  0.79752790241973792  0.80787153682761648  0.81846090597472032  0.82957447283445651
  0.84007983349861481  0.85060883577939017  0.86102910836454394  0.87164288410475410
  0.88193459515159800  0.89189425134061984  0.90230894698815034  0.91310782122972378
  0.92450602677827420  0.93614116658501279  0.94702679612691376  0.95765286203412214
  0.96778843237041789  0.97816965493477881  0.98894877418281923  1.00000000000000000
 -0.00237652223366234  0.00987306223919424  0.02055516492767939  0.03075935266437123
  0.04068531913167733  0.04978233672026622  0.05879300338108842  0.06820827263511660
  0.07790325196703929  0.08782640630155421  0.09789115296164450  0.10827348631925035
  0.11966372255356375  0.13108845709683092  0.14233594652177642  0.15291280501586457
  0.16324380903113711  0.17373739740724639  0.18441102542639540  0.19543378043169263
  0.20665759243790705  0.21833752822966954  0.22977844912702439  0.24082111281237117
  0.25176173196189883  0.26263623919179824  0.27301700562415659  0.28279271739794093
  0.29279219113080968  0.30358417463263904  0.31473439170622097  0.32576820290842062
  0.33721978560570043  0.34916254700767757  0.36100720213010645  0.37255290354366793
  0.38393690520701718  0.39501562325197653  0.40560225554944651  0.41596005599163133
  0.42614138809082530  0.43614196472085925  0.44565728940837523  0.45511513251314484
  0.46456284914348489  0.47387781859828521  0.48346431476963309  0.49290614474733729
  0.50214800536733584  0.51209001801552412  0.52218693023920459  0.53265798350071802
  0.54344940664619823  0.55393514265458299  0.56416897457372484  0.57356673440389383
  0.58356889582121863  0.59453835454827653  0.60610631328083486  0.61685115048750538
  0.62780331566995173  0.63882795845521068  0.65022202533693874  0.66102448216867460
  0.67174724632638438  0.68269660492341311  0.69381904226486280  0.70493193540919963
  0.71590118493893429  0.72669954727171227  0.73744832976370989  0.74821198383783694
  0.75950861920045354  0.77065085229361852  0.78118124955366230  0.79161983766552146
  0.80250756710538851  0.81342623899912170  0.82401287204484464  0.83440443320132551
  0.84488565573920393  0.85504251134493381  0.86497292938184644  0.87493779725530940
  0.88524010531044806  0.89576723146178217  0.90663721723222479  0.91787852054584840
  0.92916292725569138  0.94015824161461314  0.95058541748740943  0.96066958136428837
  0.97038141410986856  0.98005165005209549  0.98995511153265048  1.00000000000000000
 -0.00221834880931578  0.00935274390747162  0.01901214048757062  0.02897000984457657
  0.03877665835963125  0.04897321438093921  0.05985928168157079  0.07079267980868111
  0.08217165052045161  0.09331234853068351  0.10395083577128227  0.11437184451428307
  0.12466799740515294  0.13473579908208363  0.14493434957787987  0.15481649175109832
  0.16472666868738176  0.17460182788729214  0.18444083433565747  0.19450848065634674
  0.20479109659370442  0.21568968600106431  0.22653132740185586  0.23773244617360095
  0.24878459707303630  0.26015143227697024  0.27130580939411836  0.28212750066491887
  0.29242445214640794  0.30289586296101667  0.31355107927046955  0.32440296516124478
  0.33529963261801815  0.34635452427865832  0.35672951654890422  0.36613546439942196
  0.37534086302094094  0.38475572593757457  0.39444650117994978  0.40410193998238580
  0.41344231838330392  0.42340127010796302  0.43376094449308972  0.44440757010214954
  0.45545375278681260  0.46672860522323595  0.47859046240976472  0.49128506628955421
  0.50362591469763174  0.51489653317806749  0.52570337170229464  0.53587441680100567
  0.54552493565938387  0.55472761452082753  0.56399631400952654  0.57314255441266626
  0.58270121365827321  0.59239538616908594  0.60218257010442022  0.61213508192264088
  0.62210351788037543  0.63249661873079266  0.64379488810756347  0.65505317329382295
  0.66642936456776236  0.67736893691746869  0.68878236124748349  0.69996015425327196
  0.71092250852970784  0.72156133424836622  0.73263000971512870  0.74372301402210428
  0.75457553786957043  0.76544103804877284  0.77634154127680799  0.78734891127371431
  0.79793988110721492  0.80831601620754456  0.81829525263846481  0.82819897566160494
  0.83838127522676609  0.84845590656019976  0.85869376517926865  0.86887295791289576
  0.87939003001377380  0.89048541504047707  0.90153613325490278  0.91261293303778535
  0.92337360610373165  0.93433128946376653  0.94525749095980482  0.95597928696382795
  0.96675356993608430  0.97749097450734335  0.98870372669978890  1.00000000000000000
 -0.00222547049613497  0.00928978983888913  0.01890128012740976  0.02922648443314204
  0.03914863086511969  0.04978063652783599  0.06105789520739014  0.07157001619715812
  0.08194088139845242  0.09243297260912299  0.10414273191324117  0.11533442279615862
  0.12695701147057656  0.13748981319588169  0.14854583157476600  0.15925285092902303
  0.16978774514753356  0.17956145400355919  0.18938234266379630  0.19893044359553969
  0.20843498873853367  0.21799766474537935  0.22793520683386487  0.23877466699517444
  0.25048609578780751  0.26279103581564600  0.27524743550376696  0.28744224478338420
  0.29827187796835813  0.30873460366683148  0.31922385132178355  0.32973196421710682
  0.34024488148158544  0.35070256999871507  0.36117272936363187  0.37135851560691452
  0.38171821746801143  0.39188823222157698  0.40266908340252539  0.41338515748541971
  0.42413213040977932  0.43450392835870955  0.44528396542617665  0.45677340903787178
  0.46907673237769615  0.48121654493493821  0.49265371323297374  0.50387884994903209
  0.51501759864934482  0.52595768793943332  0.53672793888642678  0.54741104587883815
  0.55836960968765714  0.56783920640525065  0.57742614210335885  0.58705294170865530
  0.59642756705399580  0.60554901264753314  0.61441229314141410  0.62315950322793201
  0.63201708894088848  0.64123527442649331  0.65095722462551331  0.66161854794642361
  0.67231832123533974  0.68321429460785743  0.69429921737547184  0.70543208706123606
  0.71710550519480720  0.72867207560902136  0.73988853241957664  0.75076450054879973
  0.76154087185512198  0.77232648859763653  0.78296372644724599  0.79351095903499114
  0.80414143879548317  0.81411846524939990  0.82341986293276070  0.83285392845415163
  0.84281768252039924  0.85280625404127530  0.86273101050718182  0.87218755160156258
  0.88264232188499914  0.89299635400419475  0.90418145596124622  0.91480781895304641
  0.92435527787190397  0.93344280714540118  0.94376281668349526  0.95469954924435751
  0.96557041831900281  0.97619784755875716  0.98778636707887235  1.00000000000000000
 -0.00216015755723975  0.00881645702914445  0.01800391203949945  0.02775835754807735
  0.03786707264077259  0.04840054836190773  0.05954953386886253  0.07153138339703337
  0.08332514858174556  0.09328797036016745  0.10318828411822922  0.11302108950233543
  0.12321725524127547  0.13327937700973547  0.14312264428042790  0.15282248356662906
  0.16288954461697741  0.17369184791191780  0.18493053775200224  0.19604846392129663
  0.20656374247622630  0.21753174760578312  0.22836880145721533  0.24100032216681450
  0.25264281397138832  0.26290764738333461  0.27292043793981591  0.28302842774378556
  0.29325598240784539  0.30241656084367696  0.31151528706214365  0.32077508427344492
  0.33090636335360557  0.34112059372440173  0.35185570215841300  0.36250633864036502
  0.37345596564330297  0.38417801718653261  0.39493469628636496  0.40517600688009398
  0.41522811153332517  0.42524627345322580  0.43539688680816585  0.44580986094222452
  0.45622246676554856  0.46665232605122742  0.47733661492981722  0.48841505392459139
  0.49995293062716367  0.51130691855835664  0.52244541128948552  0.53314752005006005
  0.54355862692274026  0.55412934200588015  0.56502468733483446  0.57579221308351558
  0.58598619563465559  0.59571225980629339  0.60556427835096505  0.61557500751941929
  0.62558571853312250  0.63566768627989567  0.64595845887719372  0.65738679587654059
  0.66866578929224940  0.67961527407490463  0.69035595347984213  0.70116791246614674
  0.71186567056243122  0.72259442644281280  0.73304490748519957  0.74265947306335989
  0.75189054415251066  0.76088247615467564  0.77004396246793683  0.77912633328572156
  0.78821558644004730  0.79777297456110041  0.80772616892107296  0.81782604090451683
  0.82825964001480190  0.83938963741002059  0.85108852094528109  0.86280808661001795
  0.87427149720025499  0.88524083608574156  0.89562961399005581  0.90625787131172175
  0.91721040157798961  0.92885570485719748  0.94110501613786746  0.95359569458453874
  0.96619375574015365  0.97762531438022404  0.98915354766187324  1.00000000000000000
 -0.00192624376742614  0.00806971823388333  0.01709494408212594  0.02672564256739454
  0.03700420858568995  0.04723077727303208  0.05773506622199948  0.06803455696878617
  0.07871669151999564  0.08920388083910682  0.09987785836844497  0.11049153815701244
  0.12155335430898132  0.13250716964479101  0.14377255330099145  0.15482091735152254
  0.16613598579775854  0.17719546711809706  0.18788580771057670  0.19842651229097136
  0.20905448816597308  0.21981649931181527  0.23061119311572134  0.24118689681200153
  0.25191017203871258  0.26264022806914322  0.27323187044588709  0.28375232201484352
  0.29444894069051869  0.30550812894052465  0.31655856977103436  0.32733847714908637
  0.33831483798256190  0.34957203747961468  0.36091471503951800  0.37221358613635730
  0.38363319174473487  0.39520398009910845  0.40616208198637377  0.41736070524424307
  0.42893103045100855  0.43986461978978181  0.44979191797414830  0.45954123103662725
  0.46978956158236318  0.48033416351322472  0.49078088556953897  0.50118427552626399
  0.51150075029648634  0.52181145716627331  0.53221320460874533  0.54288441473325688
  0.55388711813196834  0.56490291737527876  0.57582050285743602  0.58663953796444046
  0.59745235992702139  0.60826888749855956  0.61876617583097204  0.62907371986059391
  0.63933479614928279  0.64958655297062184  0.66023159105704443  0.67119626292234069
  0.68202431092649340  0.69242360254600921  0.70237914861616246  0.71230728555837852
  0.72257212140982841  0.73339009281100354  0.74447644155144832  0.75530227324106958
  0.76583668523365644  0.77639565257493082  0.78706285066017034  0.79786996705507818
  0.80871203587816853  0.81926332893720288  0.82981705532924899  0.84004437077237692
  0.84969098870856441  0.85900166876050765  0.86816182675153741  0.87784992312563914
  0.88800880725473896  0.89824686617148031  0.90872534623693002  0.91928303686561030
  0.93019620157593397  0.94077173053635754  0.95137743211684500  0.96160372381250625
  0.97100223086775517  0.98062151017750310  0.98998408230269053  1.00000000000000000
  0.76639951419476460  0.76786466139203946  0.76938401206362961  0.77107966079320234
  0.77327360864807970  0.77554054637979919  0.77777931146776591  0.78003745371130762
  0.78236097576118624  0.78465692496106676  0.78687060061938086  0.78909836504897524
  0.79131227732126641  0.79340548374296449  0.79545003930653879  0.79749865616652327
  0.79956226654322204  0.80163285764012637  0.80371876915049811  0.80577572869310243
  0.80779884189149087  0.80986665853229967  0.81197310012231239  0.81411273224765690
  0.81620862647860903  0.81825769288639560  0.82026990812635159  0.82221726692385477
  0.82411865701669906  0.82604308330266929  0.82804370986874543  0.83009012031668294
  0.83203527102309649  0.83401587273468791  0.83604885492695502  0.83817457589474220
  0.84033305578639450  0.84249924988860692  0.84460171017187602  0.84660449920959435
  0.84856884239394192  0.85055022710202066  0.85260022703292315  0.85469045698842849
  0.85679181873438270  0.85881350887824870  0.86088475597960079  0.86298160285317627
  0.86517509374719936  0.86740097508651115  0.86959066254823980  0.87170042891228350
  0.87378006111815365  0.87592834052549240  0.87818165489042799  0.88046589390358465
  0.88272372036761870  0.88496655077996511  0.88725670243066213  0.88963455295502214
  0.89203779467179456  0.89441331895831466  0.89669744392273809  0.89889964167057812
  0.90114176835909165  0.90343231294619797  0.90573594044600436  0.90804795708857511
  0.91033480512717613  0.91265051429272515  0.91497159063138367  0.91724384339289466
  0.91958403045662018  0.92197490541388016  0.92446333506855494  0.92689998846400201
  0.92927864656705517  0.93168436041265690  0.93427796287403786  0.93685845193339345
  0.93960134200394763  0.94221420628730945  0.94502387428100820  0.94768192792773365
  0.95049099894251654  0.95318780362310440  0.95611347910760558  0.95920478177716295
  0.96305592180326793  0.96690580658553404  0.97088000282694431  0.97490316315105063
  0.97931794464942201  0.98453307263398271  0.99101579671072648  1.00000000000000000
 -0.01203577643508721  0.07709871479358847  0.11543122915663791  0.14241309287750192
  0.16468679493418917  0.18452107661005540  0.20206571420606723  0.21728941243034966
  0.23087769142812786  0.24329915671056629  0.25480144386987691  0.26570700708530498
  0.27611779027908789  0.28604535199156556  0.29528179540634425  0.30410054684128357
  0.31256805687757783  0.32071700174055939  0.32840726008087723  0.33624961497575595
  0.34411122233193708  0.35209838230169593  0.35912496983514319  0.36603009481445842
  0.37270179689813265  0.37914348180361523  0.38556954140042232  0.39201544809910488
  0.39812307992490348  0.40387167269632845  0.40955084807849051  0.41517292100570130
  0.42062642577897763  0.42597053066477297  0.43124850888503746  0.43659076439275835
  0.44144722353495391  0.44627312134335861  0.45117325146415566  0.45612552802231293
  0.46118649755236141  0.46623610650374797  0.47116334283051631  0.47600738965233741
  0.48087945836820106  0.48584806462363139  0.49088798119804539  0.49602181942561380
  0.50137182683793680  0.50677609505429522  0.51222691163435186  0.51773953205125145
  0.52332161032913960  0.52892548550021090  0.53446169554545997  0.53986294357799214
  0.54531245976346676  0.55073000822805562  0.55598145962737799  0.56118650883817689
  0.56659267602135477  0.57215064021780215  0.57777470488920979  0.58350358524572343
  0.58935029084552093  0.59523704624046858  0.60114005013462535  0.60722316196431347
  0.61337644256400903  0.61984961105751502  0.62641234429496362  0.63306398139057607
  0.63985489383747529  0.64670984684880006  0.65357781314690955  0.66057886577766367
  0.66797380324940814  0.67578148946205130  0.68395542423026323  0.69213409561997541
  0.70068260872109256  0.70962868742721141  0.71875795788251273  0.72828590948192851
  0.73832455715692458  0.74906270853081713  0.76084339060193207  0.77366029983025209
  0.78800985688429304  0.80379828456962898  0.82085542715805193  0.83900811839154721
  0.85964282783466583  0.88429798328069875  0.91916554108018034  1.00000000000000000
   1.2736977983089469E-019  -1.0000000000000000     
 T T T T T T T T T T T T T T T T T T T T T T T T T T T T T T T T T T F F F F T T T T F T F T T T T T T T T T T T T T T T T T T T T T T T T T T T T T T T T T T T T T T F T F T T T T F F F F T T T T T T T T T T T T T T T T T T T T T T T T T T T T T T T T T T T T T T T T T T T T T T T T T T T T T T T T T T T T T T T T T T T T F T F T T T T T T T T T T T T T T T T T T T T T T T T T T T T T T T T T T T T T T T T T T T T T T T T T T T T T T F T F T T T T T T T T T T T T T T T T T T T T T T T T T T T T T T T T T T
  <DiscreteSampler_grid>
  grouped_processes
  1 # 1 for a reference and 2 for a running grid.
  10 # Attribute 'min_bin_probing_points' of the grid.
  1 # Attribute 'grid_mode' of the grid. 1=='default',2=='initialization'
  0.0000000000000000 # Attribute 'small_contrib_threshold' of the grid.
  0.5000000000000000 # Attribute 'damping_power' of the grid.
 # binID   n_entries weight   weight_sqr   abs_weight
    10   10   1.499822416715898E+003   7.473927792952714E+006   1.499822416715898E+003
    11   10   1.499822416710776E+003   7.473927792884013E+006   1.499822416710776E+003
  </DiscreteSampler_grid>
