 -0.00000000000000827  0.00000000000074688  0.00000000000343509  0.00000000000817472
  0.00000000001479184  0.00000000002310418  0.00000000003280002  0.00000000004413668
  0.00000000005665006  0.00000000007042205  0.00000000008496228  0.00000000010110158
  0.00000000011731596  0.00000000013495876  0.00000000015414561  0.00000000017355678
  0.00000000019400810  0.00000000021510208  0.00000000023572801  0.00000000025722681
  0.00000000028035940  0.00000000030435944  0.00000000032829306  0.00000000035200758
  0.00000000037626208  0.00000000040229491  0.00000000042965635  0.00000000045740615
  0.00000000048536307  0.00000000051283953  0.00000000054008582  0.00000000056884057
  0.00000000059939920  0.00000000063227940  0.00000000066555794  0.00000000069875127
  0.00000000073177687  0.00000000076529854  0.00000000079920600  0.00000000083461163
  0.00000000087244441  0.00000000091174465  0.00000000095083538  0.00000000098955532
  0.00000000102826855  0.00000000106714113  0.00000000110574645  0.00000000114452506
  0.00000000118218552  0.00000000122374318  0.00000000126711245  0.00000000131136528
  0.00000000135671667  0.00000000140348004  0.00000000145088223  0.00000000149907132
  0.00000000154728977  0.00000000159568671  0.00000000164419797  0.00000000169145759
  0.00000000173801866  0.00000000179226983  0.00000000184925417  0.00000000190696345
  0.00000000196610979  0.00000000202588196  0.00000000208561301  0.00000000214546123
  0.00000000220438182  0.00000000226535468  0.00000000232850959  0.00000000239344190
  0.00000000245827137  0.00000000252199748  0.00000000259206733  0.00000000267389586
  0.00000000276210205  0.00000000284996194  0.00000000294006716  0.00000000303161087
  0.00000000312469736  0.00000000321965184  0.00000000331682277  0.00000000341676358
  0.00000000352169635  0.00000000363147694  0.00000000374730266  0.00000000390803280
  0.00000000409608542  0.00000000429577650  0.00000000451250159  0.00000000476946390
  0.00000000507934376  0.00000000559316523  0.00000000613522502  1.00000000000000000
  0.00921246073229718  0.01675743186501977  0.02753417573988203  0.03975854272348653
  0.05093668899430930  0.06179429702859380  0.07293837803872881  0.08425220923854657
  0.09483557679710679  0.10574142754833021  0.11629778634783056  0.12690318796188590
  0.13752127629516220  0.14878095936440577  0.16045987027302841  0.17173433620184705
  0.18280578156873423  0.19317754249358207  0.20353157240466990  0.21346333597351613
  0.22313737247127155  0.23302141749837027  0.24304911250009825  0.25327756422402453
  0.26364254439285234  0.27385112183694232  0.28383525057396319  0.29357098323772624
  0.30299617049041971  0.31245448609709198  0.32159968153727919  0.33066650724195834
  0.34033309473237322  0.35030961029834423  0.36047049227736516  0.37059550112118600
  0.38108543409412937  0.39144058160133066  0.40190517807540166  0.41272700228900433
  0.42391479823302369  0.43515304072280936  0.44557355480014743  0.45586061006828787
  0.46616572835687115  0.47657097111342411  0.48726652885538568  0.49825637219282110
  0.50926637792837159  0.52017762729572781  0.53023655047030038  0.54085563137492654
  0.55180245596403354  0.56259279340471724  0.57237299805763031  0.58207696484150340
  0.59188882822704136  0.60159002231520364  0.61122715321007159  0.62089648939525532
  0.63057223255169603  0.64056645152583103  0.65086442648014309  0.66140712831600568
  0.67158293097274613  0.68151289299061169  0.69143692058053352  0.70136737797058613
  0.71135386983102966  0.72134127854961261  0.73115358588817769  0.74097687485413033
  0.75116961449383701  0.76218898270182767  0.77311191119004097  0.78397157843438792
  0.79466359511344486  0.80555625005075637  0.81629242733003848  0.82660226896400768
  0.83695127072936570  0.84758426084099758  0.85828861134392620  0.86906349354452628
  0.87964565903885372  0.88984613837248194  0.89984808716878051  0.90945789983569369
  0.91934809903909409  0.92983258040790839  0.94093506392717496  0.95213063580994739
  0.96315745445907186  0.97426032074343627  0.98664616914834669  1.00000000000000000
  0.00943169932772421  0.01550368171056502  0.02510997014125133  0.03614739960311406
  0.04667449765462226  0.05677919228539029  0.06717009350429229  0.07846747621979959
  0.08977077413128365  0.10058391052576626  0.11086143300794604  0.12122625436875963
  0.13133511101295742  0.14132740630392593  0.15151125651834579  0.16180867500029161
  0.17209651427363964  0.18275111484533177  0.19320164393021477  0.20357937947764304
  0.21370084430541117  0.22386863676663657  0.23418092648090827  0.24447752751527410
  0.25509514484799173  0.26583237347009797  0.27697144188421741  0.28829258754083403
  0.29846147698178144  0.30850667942801707  0.31837758764351592  0.32831818782307309
  0.33801718165326616  0.34776354367050005  0.35810549446181056  0.36896921260308396
  0.38084059020135230  0.39286835523731334  0.40500474853346063  0.41669393316974485
  0.42806421221445368  0.43880628614353334  0.44869258936433798  0.45879627239478704
  0.46963757490754271  0.48093017451798820  0.49237619645819986  0.50398894741515299
  0.51583177701377947  0.52728590508318596  0.53815690475841804  0.54870083181004581
  0.55895873325761658  0.56905448353733057  0.57903531029427957  0.58888694178832879
  0.59866856044095684  0.60863341003121196  0.61842673932630732  0.62815751733700209
  0.63764860745067475  0.64747140842185413  0.65800424230225563  0.66872886599308046
  0.67953736343768045  0.69073269267123738  0.70187638095989224  0.71308975774152683
  0.72474185763418086  0.73610242134899884  0.74695646034726082  0.75757115918687112
  0.76812412298545785  0.77850032918103429  0.78876828245532771  0.79909746312542418
  0.80952441571152711  0.82003472494819452  0.83067148850912764  0.84164814534377863
  0.85274036865081171  0.86387051897465184  0.87464015251876803  0.88509895425737251
  0.89577350015691271  0.90653109814274202  0.91707807827667942  0.92673863930316280
  0.93600994463376475  0.94530505595446490  0.95479991454298851  0.96430263477959288
  0.97341903143386788  0.98234764705043620  0.99092697973042199  1.00000000000000000
  0.00003839269958644  0.00004017891864516  0.00004193539996740  0.00004397688368896
  0.00004602084800863  0.00004794862450042  0.00004978110441540  0.00005164831202950
  0.00005356000462285  0.00005549034937990  0.00005748572693847  0.00005957606277527
  0.00006168402329119  0.00006384140869018  0.00006617058450149  0.00006858335277775
  0.00007107072997746  0.00007360089682865  0.00007617796385539  0.00007904628865155
  0.00008190904225313  0.00008481030515627  0.00008792011440325  0.00009118519059542
  0.00009451298265772  0.00009785147266148  0.00010128988456576  0.00010497326239660
  0.00010880004583409  0.00011265576264618  0.00011661355721655  0.00012072066919578
  0.00012496174333614  0.00012919791445742  0.00013337265715077  0.00013767482198663
  0.00014228877327958  0.00014711061247069  0.00015202855779804  0.00015708992922676
  0.00016247290437437  0.00016819363066389  0.00017402914035661  0.00017981512673670
  0.00018584292623794  0.00019256457183314  0.00019956738522983  0.00020656197212072
  0.00021362107384967  0.00022096097169076  0.00022887140312114  0.00023709217667805
  0.00024549270667791  0.00025419588181532  0.00026406966396192  0.00027386801616049
  0.00028373573406709  0.00029420909305790  0.00030536078563989  0.00031673119367191
  0.00032788477119490  0.00033963431212401  0.00035223812865206  0.00036620424569548
  0.00038053132563812  0.00039640727439293  0.00041450278395409  0.00043332952237403
  0.00045335600234760  0.00047623503021881  0.00050106497770134  0.00052666026622412
  0.00055536161937122  0.00058720826525905  0.00062151708429689  0.00065648065710510
  0.00069187050665121  0.00072979381422449  0.00077441000487259  0.00081749752760654
  0.00086828881338931  0.00092743990409523  0.00099967932774918  0.00109092062089073
  0.00119904081054396  0.00131632262943359  0.00143894321491192  0.00157036898548000
  0.00174081691996373  0.00205755819187323  0.00268897374634275  0.00366732819682876
  0.00575703263176454  0.01037248055494400  0.06951095430731935  1.00000000000000000
 -0.00216761230576455  0.00908024002191682  0.01810390112578901  0.02780955834319040
  0.03735771257362852  0.04760454179353958  0.05875532429688476  0.06926225970421947
  0.07950372380805859  0.08951842289590999  0.09939319235998850  0.10907382590285422
  0.11862763752333243  0.12813374357037918  0.13800153815176180  0.14757156066618410
  0.15724032563397003  0.16696900425687425  0.17718212801056540  0.18757430803887798
  0.19851141471794145  0.20947832744193867  0.22004223812496618  0.23039342626059570
  0.24085206858852756  0.25148193826036563  0.26235089493248204  0.27330981507528918
  0.28466406845450654  0.29565870642675107  0.30633567692609431  0.31696515419819865
  0.32775880220668069  0.33859234153395040  0.34929649217376790  0.35993190574428169
  0.37057452882272135  0.38144495505344389  0.39287575111207257  0.40428400196642295
  0.41535576981548727  0.42621962382523149  0.43680971560744619  0.44719484275406340
  0.45733717760018677  0.46735365856012145  0.47744971910428391  0.48751299580028684
  0.49772615229423434  0.50874382216885794  0.51996354444592119  0.53077489384073606
  0.54117181386109714  0.55167070262735662  0.56200966047582013  0.57120849030680598
  0.58042365027325615  0.58983643824284093  0.59966484814275656  0.60921864013951565
  0.61867434732186155  0.62857127090987686  0.63925156100813851  0.65033654886693970
  0.66161524149283002  0.67314654087650228  0.68448144247020282  0.69535289317591964
  0.70579405429788700  0.71617570189559965  0.72681691625784350  0.73790422885579943
  0.74952143555507222  0.76074956838519903  0.77193179986093174  0.78342812771972148
  0.79517092970785896  0.80715783063411972  0.81859328620957594  0.82941231763459144
  0.84013204407715203  0.85013832374022924  0.86008678246593739  0.86950800753606305
  0.87892057352424957  0.88833366962433269  0.89784933670111300  0.90781837527663656
  0.91793135354966759  0.92904986781239485  0.94056426152199912  0.95277024924674381
  0.96478987235743319  0.97704040001304138  0.98858502988985597  1.00000000000000000
 -0.00229332272699396  0.00966415162758308  0.01934581063146504  0.02909522205278009
  0.03861961165663870  0.04847898273133084  0.05846247800290450  0.06808185437424642
  0.07733899977928031  0.08666187507431129  0.09634769151511290  0.10620307112748816
  0.11573797271820110  0.12540475832451078  0.13530610716260758  0.14528164269490301
  0.15504732952591102  0.16505704145598929  0.17600694740771858  0.18733397890118517
  0.19831633831377554  0.20899455245032839  0.21948288148366205  0.22980413510990055
  0.24019532100727162  0.25085950452747358  0.26207474220957100  0.27366623366342180
  0.28518259325100576  0.29633446534647262  0.30691354468471516  0.31800710385477127
  0.32922323959287308  0.34055840882218485  0.35151967664843431  0.36292852040808476
  0.37451802077650265  0.38593139565327728  0.39723893141807964  0.40879234106581902
  0.42019431986376349  0.43153819562394080  0.44316295985241083  0.45513939477503423
  0.46573171274521225  0.47624476042653385  0.48709099224410618  0.49802878822794322
  0.50885525935812925  0.51966734756957766  0.53058797791598822  0.54131406762882228
  0.55128910731440828  0.56131062298818502  0.57154676012839989  0.58197882739279494
  0.59232611068117502  0.60286056969346025  0.61371594965326359  0.62485453242842282
  0.63529387526113690  0.64573763412275587  0.65676248822302252  0.66806834960943318
  0.67936342868859767  0.69079038348254274  0.70253815246651907  0.71292863443586785
  0.72288927078472287  0.73277695922060548  0.74318742413183947  0.75344484024719671
  0.76343462497607795  0.77330842519142795  0.78354970397671353  0.79394436178092742
  0.80413813397746070  0.81416133377716204  0.82440210982842765  0.83445794334793788
  0.84434056665756163  0.85431815876624673  0.86376787428525192  0.87282519379919454
  0.88166061698205100  0.89040140147635105  0.89973707700667260  0.91067614724615553
  0.92219003031376179  0.93417280112454393  0.94560192770018703  0.95663667454657852
  0.96758040966826686  0.97838892502335217  0.98910716153460043  1.00000000000000000
 -0.00214221242001667  0.00822638145818382  0.01734895503032706  0.02720961898090886
  0.03673944198580362  0.04629467686272237  0.05627379802514146  0.06658569143386588
  0.07710914316701527  0.08855685042963857  0.10148735674232995  0.11348755710810293
  0.12521879161141922  0.13661681389664268  0.14742036690653565  0.15781148036486964
  0.16861000052071051  0.18003123896123444  0.19113369669290792  0.20125824798023950
  0.21203405579988718  0.22254415671418501  0.23246173309741805  0.24227684007764036
  0.25364342097357556  0.26760760264323097  0.27847760856203985  0.28874348650787163
  0.29902324622479493  0.30988560303174806  0.31946047957072171  0.32904101606201236
  0.33902944243054633  0.34907342078177700  0.35872198175041409  0.36829386601849579
  0.37887325461588667  0.39036344841208825  0.40146167538854688  0.41191204182767871
  0.42208681442271145  0.43185816079535694  0.44189502690418309  0.45241559562182920
  0.46265089394007752  0.47206318249468870  0.48132574111152870  0.49098203042948879
  0.50087970188669395  0.51070622628503437  0.52052834514356860  0.53115168419938974
  0.54219373837316398  0.55319754756649619  0.56429715342698461  0.57543230128682299
  0.58633465777648597  0.59678085994886021  0.60694735227911223  0.61706199406052120
  0.62727968597811901  0.63748954826824289  0.64750586659394105  0.65745690763703646
  0.66740385795104207  0.67742762264004319  0.68776761640815021  0.69844082174798272
  0.70936075344383465  0.71996374147155395  0.73041790055061284  0.74068200563388198
  0.75096325199122982  0.76197345570976505  0.77313229558343433  0.78384470999862721
  0.79452886553242796  0.80485956806510994  0.81542050309694580  0.82608354328130063
  0.83662785032211984  0.84748479497156770  0.85862204467006953  0.87054461933010019
  0.88234134688212351  0.89338277601160565  0.90394068491813662  0.91466896474533155
  0.92672401739807897  0.93887888915901219  0.95015245795335279  0.96091305435951224
  0.97108363353584504  0.98084009006965578  0.99042287884935365  1.00000000000000000
 -0.00240123215930267  0.01001721067203907  0.02054905060520194  0.03154799861828370
  0.04249387267450219  0.05293537574969306  0.06317764178507630  0.07294629675412473
  0.08280038592850414  0.09245027579088363  0.10223981048934075  0.11227624247822876
  0.12239349633444116  0.13317130491536236  0.14359638300181965  0.15450259390380716
  0.16522527331534995  0.17588195591222272  0.18683253428617899  0.19816127896030775
  0.20939769769045402  0.22013446995637465  0.23088206434719410  0.24165999574408692
  0.25235630997574288  0.26270719729152953  0.27238101910708040  0.28200911788003791
  0.29159421140912761  0.30200875578899289  0.31233236355984012  0.32343131443108741
  0.33467505003143894  0.34549852998454994  0.35617534045658994  0.36678161223860917
  0.37748572602410546  0.38800564389893610  0.39844921903239200  0.40951174189084355
  0.42143771383950568  0.43450279239329137  0.44613721273253037  0.45717547344588588
  0.46794792028087068  0.47860517009882603  0.48906687921445524  0.49951666458971278
  0.51020353019071396  0.52080098293383215  0.53101247248234784  0.54138966900399788
  0.55077918793535174  0.56017682406576397  0.56965068034471988  0.57945104496730926
  0.58938900144086215  0.59963417722393220  0.61052980977425408  0.62243402531636050
  0.63366588035308735  0.64446489428997089  0.65457297310231344  0.66446231581308524
  0.67447559913034749  0.68461177772423998  0.69553410349044786  0.70714542362276955
  0.71888339610596208  0.73071247897956182  0.74240090548379223  0.75383814065312948
  0.76418466866798906  0.77497529467561421  0.78667234389309271  0.79798428014369716
  0.80853238559037732  0.81931512016425589  0.83052636178763850  0.84131517773535291
  0.85200571932384339  0.86180985921072117  0.87121465939707732  0.88028165909634981
  0.88961256873405159  0.89936885828872537  0.90938783162084014  0.91982313490474366
  0.93105329322290387  0.94160146789333232  0.95131967231799075  0.96079539259166669
  0.97080295338711908  0.98073955665461776  0.99042237556935664  1.00000000000000000
 -0.00231892668710228  0.00933836549651870  0.01893810327359331  0.02855867555474982
  0.03830196422217345  0.04775462309241274  0.05706884079724973  0.06635830374463701
  0.07599048000057471  0.08594819128805224  0.09637952223184838  0.10670068745354380
  0.11699302605709817  0.12754500639830890  0.13855303373401529  0.14955187101014672
  0.16053614526225113  0.17179102359074233  0.18355421597730701  0.19552075053848994
  0.20731049730897599  0.21948051252807196  0.23121880091868169  0.24228639697072610
  0.25312241133279467  0.26423442393712782  0.27543802302392401  0.28600515030507467
  0.29642556349058297  0.30684357139081536  0.31761886508528531  0.32862740382858668
  0.33951489319375122  0.35053632824462050  0.36138821203716903  0.37215591514087176
  0.38289024231390728  0.39383996254797071  0.40474057931233931  0.41572012150263971
  0.42675741209633566  0.43766319513158186  0.44828423938667000  0.45879949349464888
  0.46923910712989447  0.47917363374141669  0.48855475167630180  0.49778797643231049
  0.50742037979842214  0.51740621278651222  0.52731879064814069  0.53708798560717330
  0.54689573471708675  0.55628000350389517  0.56556800972911125  0.57490571096512733
  0.58443502058105945  0.59477828768134700  0.60560110458608829  0.61739401479549749
  0.62868796671799632  0.63946607914153708  0.64998604010378591  0.66095210920136171
  0.67157057266779685  0.68199830527095284  0.69230201064760744  0.70272086635271591
  0.71313038449559363  0.72354591067881380  0.73458446138948141  0.74632125948712214
  0.75782592797208193  0.76944334819917570  0.78137392815000384  0.79324562753802741
  0.80439431540413775  0.81506866856878690  0.82551171128218470  0.83567806035612868
  0.84564059487860155  0.85574601882172263  0.86605498793779068  0.87660229332806805
  0.88713571169501970  0.89740829940184752  0.90733934309815112  0.91773279954699227
  0.92796186794734203  0.93846057853186515  0.94838419684291175  0.95809832304831666
  0.96845826564617210  0.97874264169982017  0.98952888790161819  1.00000000000000000
 -0.00262898673122510  0.00927667286592160  0.01988172632061919  0.03047860056649240
  0.04139892575776277  0.05259056630425425  0.06406831184035762  0.07505096714027536
  0.08528994474334320  0.09512765050579529  0.10529304578181944  0.11592859725052791
  0.12682834028541995  0.13708929086445762  0.14743455480617279  0.15860497561775155
  0.17047992065446788  0.18264439090636556  0.19410400585627680  0.20515841678008723
  0.21646879126818169  0.22799216889761187  0.23907092930590820  0.24988351179101456
  0.26014970257356829  0.26984271397506565  0.27935109875035635  0.28897249962476035
  0.29941355956450505  0.30989976187497170  0.32070484749131767  0.33104402129744248
  0.34177489799030975  0.35247605619843275  0.36301369861294264  0.37364970712949108
  0.38506327551251501  0.39626284179090521  0.40652463341202910  0.41706604970939021
  0.42742880138344796  0.43745680007338322  0.44673052226781812  0.45633005468240107
  0.46687706552904884  0.47738070093261226  0.48846921987153574  0.49976073099176843
  0.51144650909690781  0.52282910771720215  0.53421571500458376  0.54514832011027137
  0.55601383397909199  0.56685999393028408  0.57770673721153454  0.58813121370023025
  0.59809527467973778  0.60814207643009977  0.61820449314681547  0.62806420287634290
  0.63763230111993219  0.64723575787754550  0.65702654949970762  0.66705565958108903
  0.67709772813901836  0.68715209804281063  0.69712023937425915  0.70701613581046263
  0.71714518476031397  0.72745547032045044  0.73784098272757348  0.74795909158460616
  0.75785219697119022  0.76769569004126270  0.77824434020312272  0.78927910242023280
  0.80086939573877880  0.81254135310968123  0.82402254306414857  0.83480890797964169
  0.84475377292322851  0.85489864128137272  0.86536924292766726  0.87615546063558269
  0.88656019855054458  0.89687680449050566  0.90739962564721943  0.91776398292002725
  0.92763140279865053  0.93709719284295934  0.94713483848105862  0.95740502106837533
  0.96796448322230100  0.97796734491104320  0.98903383018485769  1.00000000000000000
 -0.00272013521067944  0.00929765053660425  0.02017395182434292  0.03050874975295159
  0.04083634467077056  0.05125455978671443  0.06212189034133020  0.07294738863921969
  0.08353614754154899  0.09373563349852961  0.10393978334674049  0.11404315425016863
  0.12448190417532472  0.13506410961223503  0.14581011755059814  0.15688018930820960
  0.16784418373874885  0.17873269717783355  0.18911384272708423  0.19860331473167026
  0.20842644193889229  0.21784169083532792  0.22731077354819898  0.23681863662034700
  0.24654333054626137  0.25651660422691863  0.26676151787524266  0.27724872208175533
  0.28818243316250225  0.29886712036516089  0.30945783477749539  0.31992304398792260
  0.33057679559261993  0.34107266941618375  0.35163861651528622  0.36223635125791254
  0.37316898841453416  0.38471625734494275  0.39623460753633633  0.40697389947901602
  0.41770555152498373  0.42821421204921267  0.43904360167192591  0.44959782808592197
  0.46018122232300712  0.47081968228244919  0.48163692819968251  0.49236135870749143
  0.50291521956444796  0.51329372094748960  0.52359758921443333  0.53370716077862224
  0.54366361345959568  0.55385283135855101  0.56392070923291771  0.57361968887789661
  0.58332530671026428  0.59298876750526774  0.60309659478779298  0.61251011614788253
  0.62188415589834578  0.63163215636737091  0.64186637817680481  0.65231244007688460
  0.66290361295231248  0.67401914671991459  0.68550923957841237  0.69669626482295788
  0.70762623315071227  0.71837827321458358  0.72873972148528920  0.73846188337631935
  0.74806412945845380  0.75796607675432337  0.76818774878037632  0.77884548397000686
  0.78943689792208827  0.79979035232487083  0.80964443952867926  0.82001293516408580
  0.83094398836430083  0.84201358474078103  0.85325396955206045  0.86452472811611925
  0.87581219660242282  0.88698940219286249  0.89812166714849262  0.90906231242662283
  0.91998304829031885  0.93140881440086631  0.94291448577172032  0.95460604087087686
  0.96573142526784628  0.97692060105921741  0.98855111184434252  1.00000000000000000
  0.76627580023718100  0.76707212366594169  0.76828383967481773  0.76940643736012848
  0.77049580724294364  0.77210201338402840  0.77412739272589248  0.77621290130243770
  0.77828624939611157  0.78035970009852151  0.78235457648648532  0.78433210445609236
  0.78616500742579642  0.78803000301314396  0.78986327365737830  0.79173852658556598
  0.79360789756605277  0.79547102131600578  0.79732351056085760  0.79915640598702797
  0.80102684778604261  0.80295308356749329  0.80491667046660731  0.80681881725204108
  0.80865642666051152  0.81051966634215122  0.81244027343257186  0.81428276832414825
  0.81603809980991970  0.81782636364956485  0.81965819346940183  0.82157950908693456
  0.82353261659116261  0.82545057559542478  0.82737034261012354  0.82928934956507139
  0.83123724132035126  0.83314101328312939  0.83501025767653803  0.83688396644857777
  0.83881998402190050  0.84074260575100701  0.84276991303806781  0.84472850444436709
  0.84673544898327158  0.84868279865577267  0.85063319149764505  0.85257037385791845
  0.85455095721405205  0.85662342827982063  0.85868931291266259  0.86071742205621371
  0.86271889380738553  0.86469045310770754  0.86667315885518792  0.86863626956619866
  0.87073154712656453  0.87289581869705513  0.87504871622591340  0.87725325387016062
  0.87942835830803390  0.88163131656845439  0.88390299144668549  0.88624687608565733
  0.88860351593178355  0.89090556171389745  0.89315647601060910  0.89538439598625807
  0.89776302842206002  0.90026784099464896  0.90282240681957471  0.90534148028195460
  0.90781595546976568  0.91031837111945657  0.91293973709347720  0.91551496373659214
  0.91828144108020504  0.92106528351121852  0.92393842638724522  0.92682468306187160
  0.92968126443045873  0.93255367284338009  0.93547527286633470  0.93852956626736739
  0.94184730252351645  0.94515443873743532  0.94863662585095732  0.95232638973594874
  0.95611023068293888  0.95993240344198028  0.96439415158623687  0.96918699078064230
  0.97464596119441649  0.98083747321194314  0.98885803266662253  1.00000000000000000
 -0.01420944658144875  0.08179963075550220  0.11655869290928990  0.14155989468727070
  0.16344085496356020  0.18275823346469147  0.20039071847797479  0.21632915234506728
  0.23066016479488019  0.24320637040416135  0.25477299169309114  0.26570557055711946
  0.27612127088341265  0.28630173030835965  0.29595580520098841  0.30533191551137245
  0.31403862095147195  0.32218752432423520  0.33000520437607300  0.33747855389161552
  0.34449123073536003  0.35152321485669025  0.35834975844297967  0.36487311673931094
  0.37131151515795330  0.37737338269438986  0.38339297347424611  0.38937700554746496
  0.39533096243249688  0.40103361568886031  0.40649896566382931  0.41186268508791390
  0.41724085600822686  0.42260972506112437  0.42790521462524667  0.43309564217256619
  0.43815781164718687  0.44340755050937458  0.44872897948139101  0.45418238936906191
  0.45977022720454852  0.46543705445473416  0.47099976198349031  0.47653207432411587
  0.48204044441310467  0.48744287695315708  0.49281004162184916  0.49819923671462579
  0.50358346031304779  0.50893187896184278  0.51425605239922856  0.51944370524849848
  0.52466976403424137  0.52977132666561766  0.53487679141437716  0.54000596629094377
  0.54492357701141192  0.54972109090920318  0.55457566507130740  0.55944454396081555
  0.56447600856229374  0.56973354249814612  0.57500904896239513  0.58025517433142282
  0.58551180204219955  0.59105512304024810  0.59670851773622158  0.60244958605038168
  0.60877437976645954  0.61504598173359393  0.62126723444846121  0.62759585732701395
  0.63412488742157092  0.64077611897780851  0.64731955675059050  0.65365003786285258
  0.66020630907417488  0.66712229610624008  0.67428123076369495  0.68176411277647941
  0.68934801155350189  0.69710296007350592  0.70514327059957171  0.71360986085433897
  0.72296377326426386  0.73289889701048716  0.74339029625578845  0.75436636699221693
  0.76638596103893397  0.77935820899132624  0.79325413726612648  0.80819952968026287
  0.82551215179062964  0.84879410223087681  0.88909305580800779  1.00000000000000000
   4.9242640472012910E-020  -1.0000000000000000     
 T T F T F T T T T T T T T T T T T T T T T T T T T T T T T T T T T T T T T T T T T T T T T T T T T T F F F F T T T T T T T T T T T T T T T T T T T T T F T F T T T T T T T T T T T T T T T T T T T T T T T T T T T T T T T T T T T T T T T T T T T T F F F F T T T T F T F T T T T T T T T T T T T T T T T T T T T T T T T T T T T T T T T T T T T T T T T T T T T T F F F F T T T T T T T T T T T T T T T T T T T T T F T F T T T T T T T T T T T T T T T T T T T T T T T T T T T T T T T T T T T T T T T T T T T T F F F F T T
  <DiscreteSampler_grid>
  grouped_processes
  1 # 1 for a reference and 2 for a running grid.
  10 # Attribute 'min_bin_probing_points' of the grid.
  1 # Attribute 'grid_mode' of the grid. 1=='default',2=='initialization'
  0.0000000000000000 # Attribute 'small_contrib_threshold' of the grid.
  0.5000000000000000 # Attribute 'damping_power' of the grid.
 # binID   n_entries weight   weight_sqr   abs_weight
    13   10   4.141106158998314E+000   6.541897944906219E+001   4.141106158998314E+000
    14   10   4.141106158998154E+000   6.541897944905556E+001   4.141106158998154E+000
    16   10   4.141109659229007E+000   6.541910143292981E+001   4.141109659229007E+000
    17   10   4.141109659228899E+000   6.541910143292533E+001   4.141109659228899E+000
  </DiscreteSampler_grid>
