 -0.00000000000015029  0.00000000003319092  0.00000000021989996  0.00000000057911227
  0.00000000107691114  0.00000000170381632  0.00000000247042204  0.00000000338286896
  0.00000000441228323  0.00000000553761702  0.00000000684008161  0.00000000825276874
  0.00000000971753804  0.00000001113834064  0.00000001261663646  0.00000001420532228
  0.00000001581426265  0.00000001749839105  0.00000001931816138  0.00000002117567477
  0.00000002309469047  0.00000002498943238  0.00000002725222025  0.00000002940235044
  0.00000003144112411  0.00000003345764872  0.00000003542085117  0.00000003764012356
  0.00000003996706168  0.00000004237564537  0.00000004477235002  0.00000004718147131
  0.00000004958115679  0.00000005196281856  0.00000005460284888  0.00000005759927258
  0.00000006065724833  0.00000006374628715  0.00000006684940679  0.00000006991836398
  0.00000007298563849  0.00000007597116984  0.00000007901963917  0.00000008222486874
  0.00000008546000516  0.00000008881878950  0.00000009232384675  0.00000009590101697
  0.00000009949061258  0.00000010301970530  0.00000010649734542  0.00000010998133612
  0.00000011349434064  0.00000011737120409  0.00000012132978419  0.00000012535932463
  0.00000012939479874  0.00000013341134117  0.00000013743735182  0.00000014153333346
  0.00000014572374021  0.00000014998056929  0.00000015424690212  0.00000015845957123
  0.00000016266839386  0.00000016704250674  0.00000017173055688  0.00000017670796129
  0.00000018201246066  0.00000018742276864  0.00000019288641961  0.00000019840851232
  0.00000020399730642  0.00000020967451577  0.00000021555018392  0.00000022143329761
  0.00000022744913390  0.00000023343790516  0.00000023933445766  0.00000024616272280
  0.00000025416807649  0.00000026251959803  0.00000027162410797  0.00000028100944738
  0.00000029080183755  0.00000030108735932  0.00000031207299399  0.00000032400809267
  0.00000033687214620  0.00000035077480886  0.00000036656954169  0.00000039813871340
  0.00000043411403175  0.00000049155736167  0.00000060516067369  1.00000000000000000
  0.00946980729654905  0.01591777655839849  0.02551843946736746  0.03675655245187823
  0.04732021480003439  0.05751798787690059  0.06771027027683232  0.07775549187913942
  0.08808360421735514  0.09879772159880160  0.10921528764447794  0.11921292207836255
  0.12936917214464763  0.13983945516702195  0.15043166994189464  0.16061943561132402
  0.17138621120639747  0.18290812141615576  0.19397546683571426  0.20488177870835383
  0.21605150434163750  0.22687647632195854  0.23704365523802345  0.24710707118783626
  0.25661611099967496  0.26630736907380048  0.27671013025218077  0.28787120122441090
  0.29868657789860709  0.30911184094492511  0.31963873783295743  0.33011880517372483
  0.34059822832760478  0.35116701542043732  0.36157163812484044  0.37205701135145802
  0.38252261545536953  0.39285819692119078  0.40296600827819412  0.41282164468984900
  0.42301680937981706  0.43318854207776381  0.44347645231258898  0.45375733416046476
  0.46423835229376553  0.47497452752747182  0.48552227248769037  0.49613387916745672
  0.50699669254330892  0.51799625505176150  0.52867923717309329  0.53893114058973635
  0.54944908226032119  0.55987970115782848  0.57039554699942208  0.58051535973389023
  0.59056252177672142  0.60082544869094767  0.61204537852321017  0.62374715270870162
  0.63523422768805338  0.64639284856906520  0.65722590662421876  0.66764687031001213
  0.67763411065775325  0.68769640025589718  0.69764273910338914  0.70758480640548049
  0.71778813687070930  0.72801096527523268  0.73809610810761139  0.74841616049324078
  0.75881256168724454  0.76901001331172170  0.77911123256499848  0.78930752036023355
  0.80069198573203049  0.81161352437321077  0.82212722449741327  0.83201288886936120
  0.84143205036137847  0.85095243331204473  0.86089974351476084  0.87089052389359101
  0.88047480362345509  0.88996745705712998  0.89950179957451459  0.90933549662200663
  0.91920865802421903  0.92903294474819020  0.93883508604638422  0.94873405362948049
  0.95881702605950536  0.96932325105224426  0.98028329964316085  1.00000000000000000
  0.00965837275325182  0.01555966590708802  0.02383685977832425  0.03315798789571472
  0.04276317415505042  0.05274505049671298  0.06315589544268825  0.07369792250976639
  0.08426943659416575  0.09469089191479170  0.10501407489444521  0.11575691976045145
  0.12720373713461247  0.13933953017497930  0.15128092980067714  0.16263297945383998
  0.17352205348417168  0.18349175094291315  0.19315775159555759  0.20239517868572712
  0.21189724257563533  0.22139181283341730  0.23124070009710923  0.24133549348765163
  0.25149086633620676  0.26200786309914192  0.27287776881265352  0.28390677218632504
  0.29521835716340322  0.30670788795673964  0.31745875058051243  0.32724454597933128
  0.33695663264251891  0.34701478010082581  0.35722666439725043  0.36717364349725834
  0.37732443859602360  0.38800781730840217  0.39850562517853955  0.40875619530797541
  0.41924060510102457  0.42975633290550158  0.44032598746037632  0.45077688651495834
  0.46121182364572283  0.47200340853273304  0.48275343412716265  0.49331977410472827
  0.50367207088864085  0.51387625572358431  0.52440914058772203  0.53525272368278887
  0.54637687787363132  0.55751762722259712  0.56864856390146090  0.57963521429881193
  0.59002778575219927  0.60039899291894749  0.61134071560109648  0.62254044389632135
  0.63268702223535289  0.64234091396470194  0.65205780249915613  0.66203074240818094
  0.67211695399271476  0.68216163727897017  0.69266362785728175  0.70322461275994763
  0.71367982595604407  0.72411947825192247  0.73460783295757792  0.74524508226064223
  0.75589406134892079  0.76696689247777849  0.77842089605977738  0.79017517512130386
  0.80188470914034660  0.81372326580396603  0.82564528506573465  0.83695966773643138
  0.84775868728606052  0.85829082938127599  0.86845930011700823  0.87819815055404549
  0.88783873831757987  0.89725401597749965  0.90670293156739279  0.91643981386581541
  0.92714561774256399  0.93855680168892075  0.95042644712372693  0.96176591518360233
  0.97260154641508234  0.98266794815330027  0.99112598151111164  1.00000000000000000
  0.00003947063969416  0.00004168815035129  0.00004492047337877  0.00004823872800986
  0.00005128603736817  0.00005430676191178  0.00005723916968554  0.00006007784024560
  0.00006295214648027  0.00006586719910447  0.00006919375944275  0.00007253882611119
  0.00007587553241886  0.00007930001337184  0.00008280821368458  0.00008642234756782
  0.00009029905041222  0.00009444866011772  0.00009866114468274  0.00010293984767307
  0.00010729771124217  0.00011177886395065  0.00011625641387541  0.00012105946345209
  0.00012601766129988  0.00013109136449887  0.00013624958437125  0.00014155751345810
  0.00014716460971304  0.00015278712357315  0.00015845347322153  0.00016473843514084
  0.00017147241566608  0.00017837225366449  0.00018547436189605  0.00019267658323032
  0.00020007648639704  0.00020757617544936  0.00021548441259683  0.00022429213561073
  0.00023375562119421  0.00024316237278118  0.00025277255878259  0.00026320963404919
  0.00027331585603393  0.00028339266798906  0.00029436440348133  0.00030681849309638
  0.00032041623855239  0.00033400786823231  0.00034848770158738  0.00036378446894328
  0.00037962011579747  0.00039584810739221  0.00041378821039777  0.00043226426395971
  0.00045139709040284  0.00047179597307874  0.00049341377451292  0.00051476972704699
  0.00053866762029922  0.00056510760069067  0.00059253587061034  0.00062107427853825
  0.00065165031730702  0.00068414883569354  0.00071953689195125  0.00075749946849947
  0.00079860171551028  0.00083794016503518  0.00088205367431247  0.00092529746648733
  0.00097669926040010  0.00103308885148121  0.00109424140951820  0.00115589200926609
  0.00122959338159540  0.00131084444890751  0.00141657717003116  0.00153244262258851
  0.00165597472426313  0.00179585086463452  0.00195275803056030  0.00212986321654202
  0.00232706022697728  0.00253300858969975  0.00276425411367163  0.00303307023885553
  0.00334624485770614  0.00376249461484799  0.00410429831933646  0.00460743947526683
  0.00529923968881201  0.00634927350811359  0.67800170169839502  1.00000000000000000
 -0.00262596516837786  0.01089269642460796  0.02186297570946052  0.03233544697169587
  0.04266174275391617  0.05192128213995816  0.06178734424119317  0.07193433038894405
  0.08168013580302821  0.09117847430204928  0.10075540591130892  0.11108134956981308
  0.12207868083230300  0.13269693603949567  0.14275609284103596  0.15289948318756821
  0.16358020907439585  0.17459747433283823  0.18621306022251413  0.19786326477431629
  0.20913458791971457  0.21968562294881963  0.23002800974904147  0.24035705575836130
  0.25084618697272743  0.26179000568768840  0.27247002924723873  0.28402552731942449
  0.29601219965859227  0.30830118327401707  0.32026497110725705  0.33163728299618089
  0.34244807961992541  0.35313255843070335  0.36276862653268960  0.37231126421225047
  0.38222917284743613  0.39222575831991541  0.40201534162633284  0.41145617667435780
  0.42098939582109596  0.43045520413277261  0.44019707365571364  0.45022930976040854
  0.46042231437262288  0.47038347991832469  0.48060971640245820  0.49110379089725464
  0.50190450141103604  0.51298638504718475  0.52465465563247426  0.53653981965328668
  0.54754831144902627  0.55834383505868712  0.56843573538287695  0.57831005748414310
  0.58836085278804884  0.59833336536093185  0.60878987282309271  0.61930675507094723
  0.63065278028322680  0.64266410671668872  0.65304805988672432  0.66356040103936709
  0.67461516368879215  0.68613560816133001  0.69663201358320836  0.70668639150196488
  0.71694038972564111  0.72753467157928642  0.73741547694366905  0.74707868085420037
  0.75645159258708627  0.76654236047056479  0.77666981696794246  0.78702187301099591
  0.79766170032340555  0.80919456687578606  0.82155566498194044  0.83405063519791289
  0.84581933659263908  0.85641457282302935  0.86614136186717272  0.87609371037724304
  0.88687022453391351  0.89802901048949935  0.90912887678891907  0.91974715845213317
  0.93010710219521275  0.94026137431217705  0.95000149948160895  0.95991800612847555
  0.96997739674453665  0.97984351301953432  0.98986372816972301  1.00000000000000000
 -0.00271231825627550  0.01079833871381627  0.02214708244713889  0.03275967784108781
  0.04315381986190845  0.05376858201773156  0.06416707670910671  0.07466416493387114
  0.08514538308882184  0.09598604958313411  0.10674357346733529  0.11705358956187685
  0.12731622609256391  0.13741140045536160  0.14766202018906097  0.15824187502711598
  0.16896939184236681  0.17964852250791033  0.19040300035024102  0.20130814249166593
  0.21239276725074427  0.22320790211267244  0.23455517725624109  0.24578565766366708
  0.25653400097958035  0.26648986813065262  0.27669735149170938  0.28730473812042912
  0.29891761805249217  0.31042673159948619  0.32107609356669248  0.33126601942310469
  0.34128264778049278  0.35076537752442410  0.35990267743769694  0.36859768150760025
  0.37813403423159286  0.38799008256799039  0.39812403359989235  0.40835526106781944
  0.41923998523909911  0.43100388361602893  0.44244594418980632  0.45364244755104349
  0.46477745369849927  0.47583402652457257  0.48679090808846837  0.49761844622297691
  0.50861904352611687  0.51912169446248835  0.52842524142700797  0.53758009917544813
  0.54750511554298531  0.55763848214779954  0.56739025658945452  0.57655217203113118
  0.58567094609910575  0.59565679125498638  0.60574397306691785  0.61565293084219841
  0.62597558800481756  0.63604119674896886  0.64596008963155027  0.65578447551834884
  0.66600750174127354  0.67675271352434552  0.68814843191344366  0.70005361875160665
  0.71157795901539411  0.72209438213396393  0.73253220993343893  0.74291641278756337
  0.75308634146736719  0.76295067711635656  0.77346083658061948  0.78493240437533696
  0.79692374885496842  0.80898278917451816  0.82069247541301993  0.83221194665651832
  0.84355117554182402  0.85474749885229317  0.86561349866965198  0.87608061316675800
  0.88641705872933096  0.89619668413127729  0.90565649216692534  0.91548941060585309
  0.92530676969524328  0.93488791448574626  0.94400523592760444  0.95361464149239816
  0.96394125365514594  0.97527545810430127  0.98735427317962277  1.00000000000000000
 -0.00228580778353754  0.01016821684758148  0.02003760746812434  0.02978894792189107
  0.03967412636614537  0.04949571476274270  0.05959182208824946  0.06936373956235263
  0.07916660470245998  0.08877233595919821  0.09822758150398350  0.10776116209082057
  0.11745974987601514  0.12713808942396471  0.13664305664846865  0.14626372197975684
  0.15654285087928857  0.16732624914468391  0.17836884482798654  0.18912432109993019
  0.20014333665618844  0.21100601901409632  0.22164748695702713  0.23190132930209029
  0.24202229286514862  0.25233577003050434  0.26270280277159980  0.27290721044376165
  0.28285840762066500  0.29283380318617214  0.30288314203658551  0.31317525531591101
  0.32387450185661459  0.33498426185996610  0.34647518962662610  0.35802234486373957
  0.36927128308316753  0.37990651027008537  0.39017576126713804  0.40068694570513147
  0.41139046351609776  0.42165528070834307  0.43142588230553536  0.44151224776494852
  0.45225142899388032  0.46263692007132434  0.47253036956688349  0.48293887033772759
  0.49400417104885314  0.50502441343698590  0.51568595555365315  0.52647102452423356
  0.53747017657834673  0.54854963147142222  0.55958825018316016  0.57112500880656392
  0.58313744671119438  0.59488400241599737  0.60676039397817128  0.61893085199678533
  0.63089904371151873  0.64268341112061034  0.65399580973855509  0.66442386422407429
  0.67525573815318063  0.68639529600806004  0.69799037493885141  0.70967660930501919
  0.72149123045477181  0.73327747419349365  0.74490605619752492  0.75657173284397394
  0.76801869272742973  0.77841742107057510  0.78812418117106242  0.79756953968532418
  0.80690501118715097  0.81611452602260393  0.82502199644927188  0.83385540115031231
  0.84330593575114232  0.85323324879054285  0.86322984896413979  0.87308955924052611
  0.88307900376791792  0.89359090082952175  0.90415408784351636  0.91453863493579435
  0.92507207384364187  0.93598050414729628  0.94669622516094987  0.95736631982092901
  0.96817257992763694  0.97920924171326440  0.98974417312922780  1.00000000000000000
 -0.00262486001867321  0.01090413622369264  0.02239016608633795  0.03398848464637824
  0.04589825669572695  0.05805864865751029  0.06994961414779401  0.08133030924257124
  0.09257912918861740  0.10361786185816955  0.11434709670327108  0.12478508848865472
  0.13501982373877053  0.14520980214414125  0.15532100402753207  0.16548183319837714
  0.17567429520704061  0.18584306724278016  0.19623342477529393  0.20676117721945789
  0.21686114907616569  0.22717660726980021  0.23811897498480949  0.24994427490014165
  0.26156279158598827  0.27288097039697706  0.28406808816659457  0.29488244178248457
  0.30581337687673249  0.31710996884059189  0.32841627224201880  0.33938920004963691
  0.35003476809817241  0.36072212571362716  0.37142491127655153  0.38205973933126797
  0.39269930500373551  0.40444162522211058  0.41684299455861906  0.42902038006990822
  0.44012513327803054  0.45025701575844845  0.46016888246439797  0.47040775051549510
  0.48063415228840256  0.49067051045647853  0.50078727532540301  0.51139661162753858
  0.52206578975481321  0.53210570695312576  0.54178781097590201  0.55158539458694944
  0.56194986590702223  0.57239764900460322  0.58252006509578480  0.59227817024419338
  0.60196762116139901  0.61197826657204757  0.62242754843008974  0.63344923639067530
  0.64463384986106220  0.65561127286845577  0.66624627020584981  0.67677266960623117
  0.68727919069326893  0.69751835418568975  0.70774237035545029  0.71823180851821888
  0.72914194334183957  0.74029745545109948  0.75135160604356221  0.76193501451804835
  0.77213862028163338  0.78226594585799780  0.79236616609013899  0.80256365048641720
  0.81314772034479488  0.82383326997722173  0.83455281288795136  0.84497758211845542
  0.85519004371080565  0.86497309119729948  0.87486485782059065  0.88545892486196676
  0.89615750213085521  0.90649408459134317  0.91653256728111465  0.92623660142200903
  0.93577852581650700  0.94524362841447462  0.95463500953291724  0.96376701803740716
  0.97261881449322196  0.98168083427958464  0.99080006152248568  1.00000000000000000
 -0.00243793806810788  0.00969949633478727  0.02025299060715683  0.03122657337790556
  0.04200181787558679  0.05268536675269284  0.06338953458352185  0.07490494719545508
  0.08663810684572192  0.09781206773309260  0.10836974348226459  0.11852721738036184
  0.12837406332949619  0.13770868695519037  0.14739826000766648  0.15863486455752593
  0.16965462031297021  0.18037065165343538  0.19066448083871296  0.20074781929704960
  0.21057960725367483  0.22031934269663853  0.23028501961459744  0.24155513142767729
  0.25216294143396867  0.26231228018307479  0.27214072424342683  0.28175032972988140
  0.29134128227756306  0.30050252674658579  0.30999443596572757  0.31994815758014006
  0.33008546361690105  0.33960902980657681  0.34854320933819766  0.35764798148759896
  0.36701207376642619  0.37641406441262426  0.38573996352838902  0.39528299281850343
  0.40587209734324931  0.41730360580554565  0.42910388974407632  0.44128888036376362
  0.45339160436898757  0.46516933193200660  0.47656821037652680  0.48758905648897682
  0.49838182422700655  0.50921169080325224  0.51987801547770285  0.53051779388168063
  0.54156275865755210  0.55431403321195460  0.56765313036527609  0.58089322627347606
  0.59232101330095455  0.60336777130671360  0.61378587365766302  0.62427509041141427
  0.63427343984982987  0.64447070245576299  0.65512380816746707  0.66591755835060817
  0.67656559573655528  0.68720144968039165  0.69798056285987453  0.70861539203432888
  0.71888634870579637  0.72913979825023478  0.73967805555454613  0.75009785177974597
  0.75981830475936429  0.76998295656925253  0.78016898295410420  0.79041585741068132
  0.80052742295648871  0.81113725278007909  0.82198710893735172  0.83255929364466397
  0.84286565302248762  0.85329640910904858  0.86394358580091990  0.87427973722616059
  0.88456808407509835  0.89463695161751200  0.90457008616597512  0.91472506558280875
  0.92541943095445911  0.93636169503740507  0.94703903494702091  0.95747740365673817
  0.96831709231138008  0.97942676334053780  0.98970368562204003  1.00000000000000000
 -0.00307923577120578  0.01168284240633910  0.02375954486515074  0.03505969931494744
  0.04645215811371375  0.05817237184713488  0.06915749214187709  0.07930428187204251
  0.08917875815478074  0.09910550188878693  0.10968547103623230  0.12009003287470937
  0.13050019987400072  0.14063326856560357  0.15136146184333304  0.16251162473383271
  0.17375552276981462  0.18484897213347409  0.19576075444523008  0.20668823404594286
  0.21792546031528587  0.22880381935829111  0.23881597513349861  0.24872661166834645
  0.25882942019833749  0.26925604810778037  0.27978478349026237  0.29096001561948709
  0.30212852907892840  0.31306195804129694  0.32273116723531192  0.33311777179655894
  0.34320576098909256  0.35355588422867418  0.36366129254416585  0.37367446371024227
  0.38409748196086457  0.39478198452689106  0.40586115864984557  0.41722208248336179
  0.42874400824912839  0.43960857346412446  0.44856005692278156  0.45778838548927858
  0.46715385597916786  0.47713445920125719  0.48697645952553326  0.49655463874273154
  0.50631454218508609  0.51633357317123807  0.52670820250224204  0.53718661365177367
  0.54760101414399276  0.55785522886077521  0.56900825475998129  0.58045644595742230
  0.59174534998910333  0.60286627546665694  0.61372603448474172  0.62423724941328573
  0.63458140470528168  0.64501528134149522  0.65630051002986300  0.66743507305951078
  0.67834362957988126  0.68908556517067610  0.69972084206705765  0.71009599239074828
  0.72022818440705660  0.73054642436028161  0.74105311346545966  0.75154097977518541
  0.76187793325284403  0.77229418795393190  0.78235661443782567  0.79268855068361688
  0.80323673040752475  0.81407247398877236  0.82486500162629095  0.83618512624151908
  0.84812619924867216  0.85981835568070575  0.87094274667020100  0.88155203838964191
  0.89187751039250251  0.90148207832679073  0.91076909395178407  0.92030443539674289
  0.93014747689888655  0.93982811902257046  0.94930881352068319  0.95856701956180312
  0.96878762111402872  0.97923222973640278  0.98952979824436282  1.00000000000000000
 -0.00237358221066132  0.00934804370559101  0.01949946638880762  0.02972332234724487
  0.04004251436150631  0.05076270518698638  0.06126644315724904  0.07151789348137000
  0.08164670168844633  0.09216707205037462  0.10268659267354936  0.11261673329552037
  0.12220573104984915  0.13138493986569441  0.14008509423751100  0.14907452260004342
  0.15821809344430948  0.16775800448137235  0.17673751728702108  0.18566692945302768
  0.19525118015424092  0.20573053438994712  0.21619922827000512  0.22643786493942036
  0.23749229316212006  0.24902819782134378  0.26010107304322133  0.27125054178587993
  0.28259483537555491  0.29435550357314749  0.30667579564106490  0.31883924468055602
  0.33066250078114212  0.34184110008924184  0.35264557940924907  0.36257378562241832
  0.37253368942303605  0.38255499402484916  0.39272549915227933  0.40295884491572620
  0.41318836316184732  0.42363277444812386  0.43410978683961454  0.44460326785005999
  0.45549877266513905  0.46655679014278378  0.47807919398038068  0.48929784524758585
  0.50006691523068481  0.51046370270776853  0.52088879948882794  0.53151087129129160
  0.54247494109279604  0.55416457560363741  0.56626056251589640  0.57835806518366895
  0.58999293980887113  0.60186910407728744  0.61340628185034562  0.62519736044153007
  0.63845894659864233  0.65090124437636554  0.66214926345627334  0.67289620366457892
  0.68337521314775940  0.69365063319955567  0.70386592733584574  0.71437063771856113
  0.72525788960081905  0.73650879948593095  0.74780304811498732  0.75844760388558030
  0.76879848921009031  0.77894584420528268  0.78916733911418080  0.79955115848846159
  0.81001185372790618  0.82081638409894209  0.83222201838792076  0.84409814378013437
  0.85554502374012165  0.86588758646944097  0.87585686758486736  0.88613063249679347
  0.89646759273673460  0.90659070773782524  0.91655963075974056  0.92666460540321993
  0.93662455302304493  0.94637259240256810  0.95591799150611267  0.96524456208106701
  0.97433517125722668  0.98303580898008969  0.99143084585615016  1.00000000000000000
  0.53863876357858831  0.54009640367049372  0.54233616013411801  0.54545386557265418
  0.54888431008900906  0.55231910155403030  0.55580920159751723  0.55932928248703906
  0.56283163230400335  0.56634203088974977  0.56987933924258349  0.57342847316954726
  0.57685415067070012  0.58017411803024665  0.58356803060151474  0.58712375190008370
  0.59079004727800710  0.59436380071281558  0.59780174161451594  0.60142717680368907
  0.60523757450746263  0.60949733495664782  0.61339243939006705  0.61728127510028774
  0.62101019086056275  0.62474717298654014  0.62815451948467371  0.63154207522079142
  0.63506259450084090  0.63857172020693587  0.64197869881205749  0.64539053203039720
  0.64888148639464893  0.65242716813112700  0.65594677006899482  0.65943845396879119
  0.66296244490515666  0.66651481761825249  0.67011825309567308  0.67377282360643942
  0.67743640449978182  0.68121117122548613  0.68500439956159154  0.68914349555574916
  0.69380584763769748  0.69849015897214839  0.70308207718618432  0.70763886511677798
  0.71148635162089091  0.71539672593065973  0.71923692646939708  0.72317681438449044
  0.72713718778405856  0.73123171502852935  0.73544128189969171  0.73964860816334721
  0.74372864337546007  0.74774453840611044  0.75170951198891722  0.75579162429963553
  0.75991834373846057  0.76420703690390535  0.76847641444061365  0.77314315246847387
  0.77809051032300303  0.78277943268576977  0.78731892944321080  0.79187024892750713
  0.79645630793765820  0.80109889151962410  0.80579635086148871  0.81062589692226483
  0.81570713638346104  0.82088623098865321  0.82613541507953603  0.83135809137451566
  0.83666736245602968  0.84204103941264086  0.84746383115839585  0.85312657925138191
  0.85920642918133550  0.86554749395968422  0.87192261268146831  0.87842779074209654
  0.88507703081050104  0.89170098329988545  0.89837757443906507  0.90513415469324499
  0.91241179936326045  0.92044999198954647  0.92917059173159100  0.93797684337766818
  0.94802388644380675  0.95990072341227128  0.97594293189608250  1.00000000000000000
 -0.01328878017129352  0.07961317133299403  0.11831510912475508  0.14441433423424579
  0.16595876525674094  0.18544524591963443  0.20278096152847092  0.21793627945963578
  0.23150584659510229  0.24429325471060717  0.25580081521391107  0.26679412739811337
  0.27719863745497247  0.28758252039213827  0.29731245194935835  0.30625059531000259
  0.31481114950447225  0.32289509938667821  0.33082679502979517  0.33834212906603556
  0.34549034375316323  0.35245201010706162  0.35922276883809268  0.36589398257353828
  0.37241217020412520  0.37857521660536692  0.38466766260451102  0.39080075974823780
  0.39704430834379156  0.40313949055887610  0.40898249228921801  0.41462266582593199
  0.42013737176028565  0.42568916940435819  0.43110664547582123  0.43634979502090349
  0.44148617800335899  0.44659543340876751  0.45177443694215574  0.45707242653248553
  0.46247011997251780  0.46775967845788796  0.47296143023427573  0.47806557420938112
  0.48305779909884744  0.48801513605504304  0.49298144305836822  0.49807877859491417
  0.50327494265267081  0.50852476869821639  0.51373215521365878  0.51882978573897520
  0.52397400954278373  0.52929859495470533  0.53465281953390453  0.53986747594068896
  0.54509909509994114  0.55045270542496194  0.55586862390202763  0.56133928268903810
  0.56679696914382494  0.57218161334559536  0.57750940045041199  0.58284458841606457
  0.58819403690221028  0.59368576991897148  0.59921849997925281  0.60489168016220385
  0.61059487654877387  0.61625725184620839  0.62205261185276650  0.62799486621548173
  0.63412266343257573  0.64029329787534173  0.64654086049005088  0.65320177066199681
  0.66020126130224532  0.66742886405273194  0.67475797740588161  0.68199241148503753
  0.68945834816067275  0.69736815912958361  0.70570172714493451  0.71433602444112643
  0.72368189579609721  0.73298761476635221  0.74288508663534902  0.75303294944642329
  0.76403285258725862  0.77593700625046103  0.78940658236760819  0.80549643657379888
  0.82517268142468869  0.85007521670482045  0.88732793635863616  1.00000000000000000
   6.6660799094650296E-017  -1.0000000000000000     
 T T F F F F T T T T F F F F T T T T T T T T T T T T T T T T T T T T T F T F T T T T T F F F T T T T F F F F T T T T F F F F T T T T F F F F T T T T F F F F T T T T T T T T T T T T T T T T T T T T F F F T T T T T F T F T T T T T F F F F T T T T F F F F T T T T F F F F T T T T F F F F T T T T T T T T T T T T T T T T T T T T T F T F T T T T T F F F T T T T F F F F T T T T F F F F T T T T F F F F T T T T F F F F T T T T T T T T T T T T T T T T T T T T F F F T T T T T F T F T T T T T F F F F T T T T F F F F T T
  <DiscreteSampler_grid>
  grouped_processes
  1 # 1 for a reference and 2 for a running grid.
  10 # Attribute 'min_bin_probing_points' of the grid.
  1 # Attribute 'grid_mode' of the grid. 1=='default',2=='initialization'
  0.0000000000000000 # Attribute 'small_contrib_threshold' of the grid.
  0.5000000000000000 # Attribute 'damping_power' of the grid.
 # binID   n_entries weight   weight_sqr   abs_weight
    13   10   3.440018452483978E+001   2.760364347041634E+003   3.440018452483978E+001
    14   10   3.440018452483991E+001   2.760364347041667E+003   3.440018452483991E+001
    16   10   3.440021855893143E+001   2.760368527727979E+003   3.440021855893143E+001
    17   10   3.440021855852503E+001   2.760368527611067E+003   3.440021855852503E+001
  </DiscreteSampler_grid>
